Nombre,Shampoo,Papel Higiénico,Servilletas,Toallas de papel,Dulces,Limpiadores del hogar,Quesos,Yogurt,Mantequilla,Postres,Verduras congeladas,Café,Té,Snacks chips,Galletas dulces,Galletas saladas,Harina,Frutas en conserva,Leche,Manjar y mermeladas,Pasta,Arroz,Salsas ,Mariscos y pescados en conserva,Especias,Semillas,Sopas,Sustitutos del azúcar,Carne de vacuno,Carne de aves,Jugos en polvo,Cecinas envasadas,Quesos envasados,Carne de cerdo,Cecinas,Jabon,Mayonesas y dressings,Aceites,Barras de cereal,"Paltas, uvas y fruta seca","Naranjas, limones y sandias","Manzanas, duraznos y peras",Tomates y cebollas,Lechugas y champiñones,Papas y zapallos
Shampoo,0.012342078681848723,0.0030479556747662947,0.0020737608389831824,0.0023612374679470908,0.0009287024312421707,0.0035719150322940595,0.002406206725794364,0.0045457725628158425,0.003567514663399561,0.0016043136338235267,0.002087315628367135,0.001668066590969494,0.0027351146410183984,0.00232278454396358,0.004496510652071898,0.0012724527997588387,0.001523642372963666,0.0013965697908680222,0.00579474267537206,0.0013736551838940598,0.003812516540422253,0.003240845356858957,0.002666325159766305,0.0032277335771377378,0.0021536365227058933,0.0009588866324570027,0.001812587487115237,0.003093113641871789,0.0031279501298538816,0.002976974800466521,0.0017111943083356115,0.0037784450444323303,0.003953527668696636,0.0009697954745545756,0.003076474345278205,0.003650725595987964,0.002662262517759929,0.0037078026393514607,0.003122806912049373,0.0009197648144781489,0.0011538106530663093,0.0018076443789373363,0.0019765237319877478,0.002249396985953168,0.0016349706708506265
Papel Higiénico,0.0030479556747662947,0.021061424231254757,0.004596947111650977,0.0063091871033236465,0.0014196163722953287,0.005890100943016826,0.004353723876597828,0.007653190960703537,0.006163777686731405,0.002572428035451536,0.0036092794931250603,0.00281163039135095,0.0044837745089989145,0.004041746904136376,0.007355110996850836,0.0022334079466566547,0.002441412507315604,0.0021432711918304213,0.010080772171606323,0.0023401701227386412,0.0062044765585494155,0.0052117759117407386,0.0042214556189287475,0.0052003083789929115,0.0033817174985598607,0.0018255535444881832,0.002671318501648059,0.0050079720205666025,0.005867592848448093,0.0053171156137652885,0.0026857620001160174,0.00661106536256499,0.007362977918414558,0.0016850866420084815,0.0056651516338507395,0.003789529984409491,0.0040986503729876994,0.006138458700202631,0.004868969952344273,0.0021020991174640295,0.002697759921328607,0.003931363268356833,0.004462666011982865,0.004783317594881156,0.003567232631426936
Servilletas,0.0020737608389831824,0.004596947111650977,0.013827525385534436,0.00456467583936422,0.001098021575019998,0.0052514207517976854,0.0032676234106269555,0.0053632457797593396,0.004865443417987414,0.0017927553398816246,0.0028247681464431736,0.002259846542187183,0.0037835529293117572,0.0030415459290840173,0.0054252290693785924,0.0019524341290693891,0.0022516602890138887,0.0018245626411488864,0.007407510500569174,0.0018591793796040766,0.0048681285700318605,0.004263147392325948,0.003477179427903383,0.004046835499524628,0.0030343552338685047,0.0015842897917109214,0.0023407378303090588,0.0042446607583597066,0.00420848593057074,0.004024241023705332,0.002052035339371225,0.00493288959511664,0.00551315817636473,0.00132487078727965,0.0041780967662575115,0.0027579758295168547,0.003713359216320451,0.005088388891580177,0.003562271837574543,0.001334706851861603,0.0017567829841559726,0.00258068570226758,0.0030696731465491922,0.003400247331964251,0.0023744868547668488
Toallas de papel,0.0023612374679470908,0.0063091871033236465,0.00456467583936422,0.016495065764146367,0.001198241808295728,0.005594875455754232,0.0034679526478419253,0.006210245355638233,0.005150755560315352,0.0021376622030409324,0.0030315834597678106,0.0024481666992525373,0.0038733184186999885,0.003317762608069688,0.006158001018251772,0.0020136339472784,0.0023066787113610373,0.001951761550352389,0.008342147978635923,0.001968489098602116,0.005121340653875644,0.004537043508772327,0.0034969803371615025,0.00441741368996069,0.003188727572697039,0.0015755103349709813,0.002398571973083225,0.0043859145492046465,0.004909676771796671,0.004347971034620855,0.002072668347980196,0.005503724123687545,0.006127912886323503,0.001541816604639047,0.00451519692093143,0.003176070214767816,0.0038522632015123687,0.005504268608740803,0.004097263627693426,0.0016827012139805596,0.0022290772613432572,0.0031992573711814355,0.0037349468974825686,0.004110734409526322,0.002929953267734993
Dulces,0.0009287024312421707,0.0014196163722953287,0.001098021575019998,0.001198241808295728,0.011246010986570295,0.0015294941540493865,0.0019294415041765031,0.0031194993702414785,0.002117181351376308,0.0012167603839550402,0.0011953362345937374,0.00100461725530337,0.0014371108799746885,0.0029170498675479923,0.005364820862216111,0.001268175083810441,0.0009097551312648774,0.0009532472392931856,0.004170090235919485,0.001204445118029157,0.0018894003436499532,0.0015289618835888925,0.0012487828485697205,0.0016216050453550426,0.001161177571645252,0.0011354883881049109,0.0010156203585747516,0.0016572768048979938,0.002185205483977916,0.001848444253066608,0.0010103778249398892,0.0028473332613818602,0.002964060636949941,0.0006566670805384656,0.002472803010306441,0.001013551008742613,0.0016202006378032911,0.001824401063021864,0.0020919453872866333,0.0008257297701585304,0.0009341002707496186,0.001546127839620182,0.0015813002037320626,0.0016907229563026475,0.0011907440176975588
Limpiadores del hogar,0.0035719150322940595,0.005890100943016826,0.0052514207517976854,0.005594875455754232,0.0015294941540493865,0.021889877809477855,0.004309467397195623,0.008230994727485624,0.0069498781288430365,0.0028382887545095646,0.003986438042756434,0.0032549095889435114,0.0053060320950366075,0.0038612892439331367,0.007957133553500162,0.002330249506490445,0.003171216292438973,0.002597075604503611,0.010915909638119276,0.0026230350485772678,0.007102715476760673,0.0062594918640070454,0.004889594306576566,0.0060177457859139204,0.004367704175738088,0.001868744780134213,0.003473365203699509,0.006035711777246765,0.005973225263101943,0.005543155191358699,0.002942065923675859,0.006783159634774603,0.007644064362012123,0.0017227711067394885,0.005667346325848708,0.004520382103876407,0.004827256553334867,0.007326633313725327,0.005407231691446739,0.0018814240766449593,0.0025465709553838807,0.003770476702198275,0.004237885636235948,0.004812695919720089,0.003504972265782577
Quesos,0.002406206725794364,0.004353723876597828,0.0032676234106269555,0.0034679526478419253,0.0019294415041765031,0.004309467397195623,0.03986968437096429,0.010418959440830669,0.008132134399178625,0.003328960849096243,0.004086704858533547,0.002885654203200632,0.0039580520778437255,0.007068559338240256,0.010955233601782513,0.003906459073476504,0.002807379074137029,0.0022884971773152285,0.0132634026318437,0.0023609065114570745,0.00603413582248352,0.00445731543598243,0.004608945607970176,0.005308430554207066,0.00347174842840522,0.003039114257097152,0.0026095740916627307,0.004759181027563985,0.008297920138577766,0.008062543873984009,0.003223433515763175,0.009478256731187434,0.009032531818904992,0.002778993339451108,0.030311521893874493,0.002603882742768797,0.005134527013175925,0.0057501470865760785,0.005607832119703037,0.0026011588156725804,0.0029929897101689303,0.005010266957182838,0.00629944361408945,0.006792048763202664,0.004079183403036312
Yogurt,0.0045457725628158425,0.007653190960703537,0.0053632457797593396,0.006210245355638233,0.0031194993702414785,0.008230994727485624,0.010418959440830669,0.05029454811737357,0.013370836976206384,0.008941796716112144,0.00732978459208095,0.004674174290575485,0.007064603440954134,0.009101514268938541,0.018580437159884517,0.004949647946655449,0.0043708416965165435,0.0044200071484009505,0.023309535549779596,0.004672251687166932,0.010750212854215686,0.008590694566975369,0.007247793079112075,0.010086066423473991,0.005531289267284411,0.004021402347677997,0.004641506398042014,0.007942962517905428,0.011788284009176305,0.01107255567895345,0.00594665255012862,0.013380657356096752,0.015898473064197585,0.0031353226902198555,0.013736027697686474,0.0049887061888948345,0.007311574834994219,0.009852753409960138,0.01358733616962564,0.004385224372278896,0.005311070562761852,0.009760081833632908,0.00912113848780288,0.010081415769649176,0.006932854025821678
Mantequilla,0.003567514663399561,0.006163777686731405,0.004865443417987414,0.005150755560315352,0.002117181351376308,0.0069498781288430365,0.008132134399178625,0.013370836976206384,0.032670235651669946,0.0046215971352301715,0.005467228051952985,0.004121327248486087,0.0064270715202087506,0.006074216547873123,0.011620053369531164,0.003446711505498269,0.0049549327267132785,0.003283717338974894,0.016377500581768057,0.0038088507453315546,0.008867974663095444,0.007580860855558112,0.006183290964366215,0.007521921366972255,0.005006426736183314,0.002672966932607504,0.004273506485463813,0.008002362439758147,0.00864352692591545,0.00817437793825658,0.0044799994405332316,0.010850333599105606,0.012007125369837574,0.0026372415629024506,0.01040419723104562,0.004123870794190128,0.006314907371143662,0.009198483259110577,0.007140570125872199,0.002716086795895455,0.003444851217098426,0.005434837721339185,0.0059422680809850135,0.006833269513630186,0.0049029309597220325
Postres,0.0016043136338235267,0.002572428035451536,0.0017927553398816246,0.0021376622030409324,0.0012167603839550402,0.0028382887545095646,0.003328960849096243,0.008941796716112144,0.0046215971352301715,0.016374572653252546,0.002644016465980671,0.0014751149814487355,0.002359263760395077,0.003305652336384405,0.006677218604829294,0.0016505426323077095,0.0013478057589531227,0.0017208275038639194,0.007604987546113427,0.0015101954482200902,0.0037463536747302587,0.002804309297296528,0.00244603095760857,0.0031732464451162635,0.00186591480160922,0.0013167547877835546,0.001722666091839284,0.002625602457116005,0.003993601862669529,0.0036464470568808188,0.001989790221512772,0.004661636790407367,0.005225635916284853,0.0010572359035644022,0.004396636674478393,0.0017372060942317789,0.002564099824407303,0.003236657531087373,0.003968967231064693,0.0013624943300480348,0.001679394284985379,0.0028941830843536354,0.002832835623170269,0.003151931284028834,0.002259471518540753
Verduras congeladas,0.002087315628367135,0.0036092794931250603,0.0028247681464431736,0.0030315834597678106,0.0011953362345937374,0.003986438042756434,0.004086704858533547,0.00732978459208095,0.005467228051952985,0.002644016465980671,0.01864120977530552,0.002173184456453802,0.003295885099217105,0.0038333519604714585,0.0062525965223967405,0.002358283183737772,0.002208312042250573,0.002255877618331964,0.008542135478602218,0.0019786139763866622,0.005362916902977644,0.004692793138877411,0.0038734792440512735,0.004676076407472094,0.003166755697317856,0.0018108145537830695,0.0028382537459700125,0.003782246204758508,0.0069195862934703775,0.006447487779246403,0.0024980501919509078,0.006499039842244247,0.006846233398237161,0.001982445289951392,0.005123015371847997,0.0024880260726066364,0.004172875983697526,0.005133735465997135,0.004303303717656349,0.002128559492324505,0.002645789624967843,0.003792011961429915,0.005470316987637285,0.005955375080746592,0.0042269067620817865
Café,0.001668066590969494,0.00281163039135095,0.002259846542187183,0.0024481666992525373,0.00100461725530337,0.0032549095889435114,0.002885654203200632,0.004674174290575485,0.004121327248486087,0.0014751149814487355,0.002173184456453802,0.0140387290425837,0.003958970029820802,0.0025051087385283602,0.005099889943336993,0.001581046431091498,0.00179145997629413,0.0014479572481967892,0.006990408282939378,0.001626050790249194,0.003811093719481132,0.003340091137894228,0.002702746434788612,0.0033671206256597865,0.002331796001742214,0.0012342515593141766,0.0019460268480127312,0.004140185737943928,0.003476165156057547,0.003210755547313129,0.0015697336671288684,0.00438328156106353,0.004901999714348892,0.0011945742546351052,0.0037482925816284813,0.0019930228860576293,0.002910692904029029,0.003919354520295101,0.0031344276367192467,0.0013105238781324269,0.001521315786190558,0.002280033520856936,0.0025126348252740875,0.002856057443413835,0.001993285506614416
Té,0.0027351146410183984,0.0044837745089989145,0.0037835529293117572,0.0038733184186999885,0.0014371108799746885,0.0053060320950366075,0.0039580520778437255,0.007064603440954134,0.0064270715202087506,0.002359263760395077,0.003295885099217105,0.003958970029820802,0.018993642924022315,0.003484193845902266,0.007650457627626318,0.002106448756126405,0.0029823995412537533,0.002278740409897063,0.00993458796572415,0.002709359996620057,0.006658405071099972,0.005963121167074211,0.004534269402489258,0.005598253862865297,0.0039385890891218455,0.0016405658883059766,0.0032985088881172355,0.006682819068955251,0.004973530025826328,0.004915023961585903,0.002575029148583798,0.00630398421722309,0.006896454939900412,0.0015779282996622158,0.005216402463970538,0.00328881823611316,0.004406803211546759,0.0068240151537890155,0.004773257615657238,0.0016558252201605381,0.0020217812244393107,0.0032404257693252328,0.0034179157868438692,0.0038179736984404154,0.0026936862043643803
Snacks chips,0.00232278454396358,0.004041746904136376,0.0030415459290840173,0.003317762608069688,0.0029170498675479923,0.0038612892439331367,0.007068559338240256,0.009101514268938541,0.006074216547873123,0.003305652336384405,0.0038333519604714585,0.0025051087385283602,0.003484193845902266,0.04033406114106208,0.011884119865110057,0.008606270331241143,0.0022209394884319888,0.002305337061245703,0.011296017631284471,0.0020424986267072328,0.004884896354096333,0.0037417260356648564,0.003405911525423232,0.004650334444402233,0.003197315098471591,0.007840493122735617,0.002287501307570357,0.0038821357811952405,0.007848294217124253,0.006109053721416638,0.002698292487337035,0.011146085974150791,0.011149224314372607,0.0028442499760386788,0.008437832424753473,0.002398921853350773,0.0061667762458053315,0.004824321212713171,0.005200309640174534,0.003008431528668318,0.0033720588034641236,0.004245594944048834,0.006165732206182391,0.00600453394512721,0.0039314518255636624
Galletas dulces,0.004496510652071898,0.007355110996850836,0.0054252290693785924,0.006158001018251772,0.005364820862216111,0.007957133553500162,0.010955233601782513,0.018580437159884517,0.011620053369531164,0.006677218604829294,0.0062525965223967405,0.005099889943336993,0.007650457627626318,0.011884119865110057,0.060170538036452725,0.005579651563447597,0.0043884282378498654,0.0045276386205238385,0.023744561117047897,0.005857328434905752,0.010577136558052074,0.008280131753092158,0.0068225012526669715,0.009293398041528749,0.005485946381056264,0.004625987799849868,0.0048812956889440545,0.008434432161148456,0.011384402314402558,0.01040006236049417,0.005651773945270481,0.01431457624846731,0.015725163594289767,0.0032751275778357546,0.014122998660613097,0.005131980414033609,0.007808116001773052,0.009450772011356664,0.01169751416029485,0.00409549709880449,0.004761824056934586,0.008400897595857227,0.008173840690392604,0.00892654874932749,0.006363731470668359
Galletas saladas,0.0012724527997588387,0.0022334079466566547,0.0019524341290693891,0.0020136339472784,0.001268175083810441,0.002330249506490445,0.003906459073476504,0.004949647946655449,0.003446711505498269,0.0016505426323077095,0.002358283183737772,0.001581046431091498,0.002106448756126405,0.008606270331241143,0.005579651563447597,0.018505310328032758,0.0013590802854826925,0.0014456814683305025,0.0061666960577571395,0.0013058001345410653,0.00286761158848987,0.002365694563880629,0.002108155311517782,0.0031909976861252518,0.0023034372225124674,0.004939494318879288,0.001470758338037971,0.002367262589401516,0.004376288803525735,0.003518168257102907,0.0015064765305781039,0.006483825543801268,0.008039389076606627,0.0014793001789115627,0.004546304724330858,0.0014761566737329884,0.003817857123714394,0.00290559712875532,0.002882927020208223,0.0020020517844606266,0.00216245789744798,0.0025436361555521985,0.003929877734127418,0.003883929167194456,0.0024923969938024427
Harina,0.001523642372963666,0.002441412507315604,0.0022516602890138887,0.0023066787113610373,0.0009097551312648774,0.003171216292438973,0.002807379074137029,0.0043708416965165435,0.0049549327267132785,0.0013478057589531227,0.002208312042250573,0.00179145997629413,0.0029823995412537533,0.0022209394884319888,0.0043884282378498654,0.0013590802854826925,0.0117904982517164,0.001665039657163212,0.0068777165035818965,0.0018286594556442511,0.004259968601727146,0.0040759017023046,0.0031209812645276004,0.003473843313393199,0.0027391970553144263,0.0009730189053863387,0.0022155886650043134,0.004909902245232561,0.003197842763288081,0.003279470544188669,0.0016918879267660625,0.0038973135191055523,0.0044417056971006634,0.0010396231974302069,0.0033606385000057807,0.0019056210104128148,0.0027908785868559923,0.004818046815790014,0.002935292763920909,0.0008988254930107212,0.0012536115576846367,0.0019706268169034304,0.0021840972330382288,0.002659500564614056,0.0019196292370927547
Frutas en conserva,0.0013965697908680222,0.0021432711918304213,0.0018245626411488864,0.001951761550352389,0.0009532472392931856,0.002597075604503611,0.0022884971773152285,0.0044200071484009505,0.003283717338974894,0.0017208275038639194,0.002255877618331964,0.0014479572481967892,0.002278740409897063,0.002305337061245703,0.0045276386205238385,0.0014456814683305025,0.001665039657163212,0.011177886963034176,0.0059089120710778455,0.0015198446805676274,0.0037216158661763843,0.002859497101870349,0.002520874595475757,0.003471911227309666,0.0020706382913517184,0.0010770151419425642,0.002030277070970163,0.002794248213171616,0.003248321487379675,0.0029369576759465704,0.0015702510401461162,0.0037947847860557203,0.00428815151146636,0.0009899086042026491,0.00291434616779349,0.0016440508772131784,0.0026788484478244986,0.003330893657862089,0.002888221139783414,0.0010712545315208935,0.0014083170745940745,0.0021416299594495393,0.0024562728615381136,0.0027344473317263552,0.0019389669088312152
Leche,0.00579474267537206,0.010080772171606323,0.007407510500569174,0.008342147978635923,0.004170090235919485,0.010915909638119276,0.0132634026318437,0.023309535549779596,0.016377500581768057,0.007604987546113427,0.008542135478602218,0.006990408282939378,0.00993458796572415,0.011296017631284471,0.023744561117047897,0.0061666960577571395,0.0068777165035818965,0.0059089120710778455,0.06699348890119053,0.006201488771543698,0.01429510470434454,0.01132501704920095,0.009405660451100709,0.012376788238393294,0.007655742762536347,0.004829052922006434,0.00657100152725948,0.011588916273970646,0.015031600113094476,0.013792290286482729,0.006872231768797421,0.017212919223788817,0.020180080527152318,0.0042205659575521495,0.017043227076126922,0.006427695794389366,0.009836096774024729,0.01331540197061299,0.016130852776609687,0.005296556126957076,0.006539361353261032,0.010809446691912951,0.011327236123523671,0.012567813848924487,0.00884372129734659
Manjar y mermeladas,0.0013736551838940598,0.0023401701227386412,0.0018591793796040766,0.001968489098602116,0.001204445118029157,0.0026230350485772678,0.0023609065114570745,0.004672251687166932,0.0038088507453315546,0.0015101954482200902,0.0019786139763866622,0.001626050790249194,0.002709359996620057,0.0020424986267072328,0.005857328434905752,0.0013058001345410653,0.0018286594556442511,0.0015198446805676274,0.006201488771543698,0.011567708097149056,0.0035429491745812077,0.003033153826340449,0.002431367096382509,0.0031116499127162352,0.0020152991131887183,0.000990897440123123,0.0017652861155532142,0.003069374721044025,0.002912831010843161,0.002904624558295427,0.0017195261081446118,0.003585295355534299,0.0046147491754092865,0.0008113036336977612,0.0031989071706458407,0.001709849697806907,0.0022914210986972514,0.0032373432562918256,0.0030110929273706845,0.0010795536983780002,0.0013156993673820894,0.002244639130495411,0.0020980788804608355,0.002324304664666827,0.001733000809060138
Pasta,0.003812516540422253,0.0062044765585494155,0.0048681285700318605,0.005121340653875644,0.0018894003436499532,0.007102715476760673,0.00603413582248352,0.010750212854215686,0.008867974663095444,0.0037463536747302587,0.005362916902977644,0.003811093719481132,0.006658405071099972,0.004884896354096333,0.010577136558052074,0.00286761158848987,0.004259968601727146,0.0037216158661763843,0.01429510470434454,0.0035429491745812077,0.026320909837444468,0.01032783813666565,0.011109185296401435,0.008956228242316674,0.006158409756162428,0.002149766741040501,0.005512197148188834,0.008056884074536598,0.0089381574799795,0.00812275200745532,0.004413341514976143,0.009298054045598454,0.010910748400790694,0.002378764608854612,0.007726504712929495,0.004419670476702408,0.0062506793067161285,0.011140133458410856,0.007153223311001898,0.002279481698208984,0.0028479664789180965,0.004625085839413473,0.005537888980760768,0.006354606482795303,0.004521153491969045
Arroz,0.003240845356858957,0.0052117759117407386,0.004263147392325948,0.004537043508772327,0.0015289618835888925,0.0062594918640070454,0.00445731543598243,0.008590694566975369,0.007580860855558112,0.002804309297296528,0.004692793138877411,0.003340091137894228,0.005963121167074211,0.0037417260356648564,0.008280131753092158,0.002365694563880629,0.0040759017023046,0.002859497101870349,0.01132501704920095,0.003033153826340449,0.01032783813666565,0.01976428483700024,0.006740217918974984,0.007512783791373032,0.005090646703368553,0.0017702608772890934,0.00453914825822756,0.007786183600158475,0.006645763970271754,0.006843376337327228,0.00357159108165944,0.007570480013727906,0.007914426279627402,0.002125124953550996,0.005825562764576327,0.00395650334986254,0.005452423327404028,0.009581122377090108,0.005851178813412197,0.0017603005555162836,0.002324001595350852,0.0035943958658459885,0.00433075458997474,0.0049993465739339394,0.0036304504282382907
Salsas ,0.002666325159766305,0.0042214556189287475,0.003477179427903383,0.0034969803371615025,0.0012487828485697205,0.004889594306576566,0.004608945607970176,0.007247793079112075,0.006183290964366215,0.00244603095760857,0.0038734792440512735,0.002702746434788612,0.004534269402489258,0.003405911525423232,0.0068225012526669715,0.002108155311517782,0.0031209812645276004,0.002520874595475757,0.009405660451100709,0.002431367096382509,0.011109185296401435,0.006740217918974984,0.01697922673370018,0.0060962088793383,0.004482740595681343,0.0014388438506531425,0.003867013961628336,0.005491814492067018,0.006521956989272589,0.005265652294367632,0.0031016279848058875,0.0065910046367226366,0.00803731922656165,0.001625049136406583,0.005694977799486914,0.003093162146975054,0.0045104582420680385,0.0074330264513632295,0.004832273289801329,0.0014882648629207095,0.0018670367031540609,0.0030770944141417767,0.003904160076833649,0.00436328516414393,0.0029015972896307136
Mariscos y pescados en conserva,0.0032277335771377378,0.0052003083789929115,0.004046835499524628,0.00441741368996069,0.0016216050453550426,0.0060177457859139204,0.005308430554207066,0.010086066423473991,0.007521921366972255,0.0031732464451162635,0.004676076407472094,0.0033671206256597865,0.005598253862865297,0.004650334444402233,0.009293398041528749,0.0031909976861252518,0.003473843313393199,0.003471911227309666,0.012376788238393294,0.0031116499127162352,0.008956228242316674,0.007512783791373032,0.0060962088793383,0.024238766424537626,0.004559777321169907,0.002332202824261444,0.004154654588463642,0.006418651486395561,0.006957173754496503,0.006826546846422998,0.0036180317111188533,0.008093621386096756,0.009570648120850749,0.0019696572271164802,0.007034428855850908,0.003823239358078622,0.006299142614749257,0.008180205178419019,0.006321206857598774,0.0023795179422692906,0.0031164430019783693,0.004571239063658164,0.0053387795081934,0.006084019297221834,0.003869399919826504
Especias,0.0021536365227058933,0.0033817174985598607,0.0030343552338685047,0.003188727572697039,0.001161177571645252,0.004367704175738088,0.00347174842840522,0.005531289267284411,0.005006426736183314,0.00186591480160922,0.003166755697317856,0.002331796001742214,0.0039385890891218455,0.003197315098471591,0.005485946381056264,0.0023034372225124674,0.0027391970553144263,0.0020706382913517184,0.007655742762536347,0.0020152991131887183,0.006158409756162428,0.005090646703368553,0.004482740595681343,0.004559777321169907,0.015513734427307925,0.001606298570367227,0.003105262007803894,0.00484269061336628,0.004930395007876629,0.004767816228851551,0.0022236492757745155,0.005687747097451273,0.006469055036972293,0.0017589297952894886,0.0043819146482151905,0.002621806309200537,0.004215566734753585,0.006420749336721697,0.0037312907160798226,0.0014989349609291606,0.0021132835773178347,0.002678293290135786,0.003874009697057864,0.004192929714522046,0.0030020184258539155
Semillas,0.0009588866324570027,0.0018255535444881832,0.0015842897917109214,0.0015755103349709813,0.0011354883881049109,0.001868744780134213,0.003039114257097152,0.004021402347677997,0.002672966932607504,0.0013167547877835546,0.0018108145537830695,0.0012342515593141766,0.0016405658883059766,0.007840493122735617,0.004625987799849868,0.004939494318879288,0.0009730189053863387,0.0010770151419425642,0.004829052922006434,0.000990897440123123,0.002149766741040501,0.0017702608772890934,0.0014388438506531425,0.002332202824261444,0.001606298570367227,0.015968278930893476,0.0010377099966479497,0.0018330379611501094,0.0034324195757310647,0.0027560460555148664,0.0011619829786192926,0.004657046909090934,0.005442905072196968,0.001169575076309532,0.0036593106589636617,0.0011543149092970626,0.002575381534940768,0.002238721988617695,0.002303733226342913,0.0013973884867769454,0.001628460054933012,0.002172946168033557,0.00279753613356383,0.002795586675388705,0.0018518442117668786
Sopas,0.001812587487115237,0.002671318501648059,0.0023407378303090588,0.002398571973083225,0.0010156203585747516,0.003473365203699509,0.0026095740916627307,0.004641506398042014,0.004273506485463813,0.001722666091839284,0.0028382537459700125,0.0019460268480127312,0.0032985088881172355,0.002287501307570357,0.0048812956889440545,0.001470758338037971,0.0022155886650043134,0.002030277070970163,0.00657100152725948,0.0017652861155532142,0.005512197148188834,0.00453914825822756,0.003867013961628336,0.004154654588463642,0.003105262007803894,0.0010377099966479497,0.011926049740164668,0.003908303235350535,0.003946588166884894,0.0036834775824780655,0.0021479862731979536,0.004566983718539293,0.004845390128717484,0.0012337912456857213,0.003387602093991943,0.002147105047669273,0.0035589196026954454,0.004926140940965231,0.00313940060545273,0.0010104577724763624,0.001283457700037033,0.0020597572611261404,0.002612324589663331,0.003060358701374358,0.00223202041958166
Sustitutos del azúcar,0.003093113641871789,0.0050079720205666025,0.0042446607583597066,0.0043859145492046465,0.0016572768048979938,0.006035711777246765,0.004759181027563985,0.007942962517905428,0.008002362439758147,0.002625602457116005,0.003782246204758508,0.004140185737943928,0.006682819068955251,0.0038821357811952405,0.008434432161148456,0.002367262589401516,0.004909902245232561,0.002794248213171616,0.011588916273970646,0.003069374721044025,0.008056884074536598,0.007786183600158475,0.005491814492067018,0.006418651486395561,0.00484269061336628,0.0018330379611501094,0.003908303235350535,0.02228978822306985,0.005786982553399065,0.005850831327946715,0.003098687910423775,0.007283853972250575,0.00764549116814177,0.001963321123114516,0.006001131660676293,0.0037538758434706937,0.005257179708714992,0.008706972044061545,0.005233382938451186,0.0016611402054360165,0.0023068514500477325,0.003381474755792497,0.003765374066630618,0.00430087215266344,0.0031135938120397466
Carne de vacuno,0.0031279501298538816,0.005867592848448093,0.00420848593057074,0.004909676771796671,0.002185205483977916,0.005973225263101943,0.008297920138577766,0.011788284009176305,0.00864352692591545,0.003993601862669529,0.0069195862934703775,0.003476165156057547,0.004973530025826328,0.007848294217124253,0.011384402314402558,0.004376288803525735,0.003197842763288081,0.003248321487379675,0.015031600113094476,0.002912831010843161,0.0089381574799795,0.006645763970271754,0.006521956989272589,0.006957173754496503,0.004930395007876629,0.0034324195757310647,0.003946588166884894,0.005786982553399065,0.0457475757811217,0.01364568065905342,0.0035878089230598413,0.015404654189347163,0.014355820224880791,0.006168245703102938,0.010547457436087428,0.0034359340960791354,0.0067176971376688155,0.008040133687014365,0.006652227225439554,0.0045151492789537295,0.0057656554461221286,0.0078099884459052185,0.011590279610413631,0.0122759005658375,0.008762317296397877
Carne de aves,0.002976974800466521,0.0053171156137652885,0.004024241023705332,0.004347971034620855,0.001848444253066608,0.005543155191358699,0.008062543873984009,0.01107255567895345,0.00817437793825658,0.0036464470568808188,0.006447487779246403,0.003210755547313129,0.004915023961585903,0.006109053721416638,0.01040006236049417,0.003518168257102907,0.003279470544188669,0.0029369576759465704,0.013792290286482729,0.002904624558295427,0.00812275200745532,0.006843376337327228,0.005265652294367632,0.006826546846422998,0.004767816228851551,0.0027560460555148664,0.0036834775824780655,0.005850831327946715,0.01364568065905342,0.03804020614709267,0.0036442044963694623,0.012051040287227872,0.012253298604179652,0.0058862797908615615,0.010787240232026036,0.003266640573638325,0.006162120201595533,0.007614893618465595,0.006153627382644811,0.003354152904325156,0.0045537362071157396,0.0062739107375092825,0.008844389513740015,0.010068239837192522,0.007197639944200571
Jugos en polvo,0.0017111943083356115,0.0026857620001160174,0.002052035339371225,0.002072668347980196,0.0010103778249398892,0.002942065923675859,0.003223433515763175,0.00594665255012862,0.0044799994405332316,0.001989790221512772,0.0024980501919509078,0.0015697336671288684,0.002575029148583798,0.002698292487337035,0.005651773945270481,0.0015064765305781039,0.0016918879267660625,0.0015702510401461162,0.006872231768797421,0.0017195261081446118,0.004413341514976143,0.00357159108165944,0.0031016279848058875,0.0036180317111188533,0.0022236492757745155,0.0011619829786192926,0.0021479862731979536,0.003098687910423775,0.0035878089230598413,0.0036442044963694623,0.013326916690774005,0.004646609746176812,0.004480051718551146,0.0011078384006412269,0.004098656550729385,0.0019025514786403914,0.0029296072392067363,0.003887199187269523,0.003715588946294149,0.0009400115901989275,0.0012148300762501686,0.0021820142146315225,0.0023491993804603674,0.002610311981428993,0.0017353764595911267
Cecinas envasadas,0.0037784450444323303,0.00661106536256499,0.00493288959511664,0.005503724123687545,0.0028473332613818602,0.006783159634774603,0.009478256731187434,0.013380657356096752,0.010850333599105606,0.004661636790407367,0.006499039842244247,0.00438328156106353,0.00630398421722309,0.011146085974150791,0.01431457624846731,0.006483825543801268,0.0038973135191055523,0.0037947847860557203,0.017212919223788817,0.003585295355534299,0.009298054045598454,0.007570480013727906,0.0065910046367226366,0.008093621386096756,0.005687747097451273,0.004657046909090934,0.004566983718539293,0.007283853972250575,0.015404654189347163,0.012051040287227872,0.004646609746176812,0.05147748899851071,0.018427907773501728,0.006388417895964288,0.01140651718820234,0.0041660290547345605,0.010010052849314149,0.009113519697944779,0.007727303646730539,0.004921002246354538,0.005303794961735745,0.007246474528754405,0.010609612563393158,0.010177841283324909,0.006972494531295233
Quesos envasados,0.003953527668696636,0.007362977918414558,0.00551315817636473,0.006127912886323503,0.002964060636949941,0.007644064362012123,0.009032531818904992,0.015898473064197585,0.012007125369837574,0.005225635916284853,0.006846233398237161,0.004901999714348892,0.006896454939900412,0.011149224314372607,0.015725163594289767,0.008039389076606627,0.0044417056971006634,0.00428815151146636,0.020180080527152318,0.0046147491754092865,0.010910748400790694,0.007914426279627402,0.00803731922656165,0.009570648120850749,0.006469055036972293,0.005442905072196968,0.004845390128717484,0.00764549116814177,0.014355820224880791,0.012253298604179652,0.004480051718551146,0.018427907773501728,0.0531381311573389,0.0038456292662682624,0.014441325178253316,0.004500266993855894,0.008176448868160708,0.00952281754302335,0.008974626311905506,0.00575295231854629,0.0063898990681094505,0.009571636605331052,0.011896621692206451,0.012586365549900093,0.008257343374126695
Carne de cerdo,0.0009697954745545756,0.0016850866420084815,0.00132487078727965,0.001541816604639047,0.0006566670805384656,0.0017227711067394885,0.002778993339451108,0.0031353226902198555,0.0026372415629024506,0.0010572359035644022,0.001982445289951392,0.0011945742546351052,0.0015779282996622158,0.0028442499760386788,0.0032751275778357546,0.0014793001789115627,0.0010396231974302069,0.0009899086042026491,0.0042205659575521495,0.0008113036336977612,0.002378764608854612,0.002125124953550996,0.001625049136406583,0.0019696572271164802,0.0017589297952894886,0.001169575076309532,0.0012337912456857213,0.001963321123114516,0.006168245703102938,0.0058862797908615615,0.0011078384006412269,0.006388417895964288,0.0038456292662682624,0.014853460013163313,0.003577953768172852,0.0010234098673589287,0.0026555185342720874,0.0026057619297937904,0.0017870044417303017,0.0009776473914265302,0.0016194593064395404,0.0018180087516035746,0.003019076650319486,0.0032428769160663964,0.002285923972393927
Cecinas,0.003076474345278205,0.0056651516338507395,0.0041780967662575115,0.00451519692093143,0.002472803010306441,0.005667346325848708,0.030311521893874493,0.013736027697686474,0.01040419723104562,0.004396636674478393,0.005123015371847997,0.0037482925816284813,0.005216402463970538,0.008437832424753473,0.014122998660613097,0.004546304724330858,0.0033606385000057807,0.00291434616779349,0.017043227076126922,0.0031989071706458407,0.007726504712929495,0.005825562764576327,0.005694977799486914,0.007034428855850908,0.0043819146482151905,0.0036593106589636617,0.003387602093991943,0.006001131660676293,0.010547457436087428,0.010787240232026036,0.004098656550729385,0.01140651718820234,0.014441325178253316,0.003577953768172852,0.05185021328945995,0.0033723271611567985,0.006316989354779977,0.007184820462004193,0.007426689374714424,0.003772271365296696,0.004177220560343664,0.007094107450680719,0.008179118451145958,0.008929986203054852,0.005552741559326518
Jabon,0.003650725595987964,0.003789529984409491,0.0027579758295168547,0.003176070214767816,0.001013551008742613,0.004520382103876407,0.002603882742768797,0.0049887061888948345,0.004123870794190128,0.0017372060942317789,0.0024880260726066364,0.0019930228860576293,0.00328881823611316,0.002398921853350773,0.005131980414033609,0.0014761566737329884,0.0019056210104128148,0.0016440508772131784,0.006427695794389366,0.001709849697806907,0.004419670476702408,0.00395650334986254,0.003093162146975054,0.003823239358078622,0.002621806309200537,0.0011543149092970626,0.002147105047669273,0.0037538758434706937,0.0034359340960791354,0.003266640573638325,0.0019025514786403914,0.0041660290547345605,0.004500266993855894,0.0010234098673589287,0.0033723271611567985,0.01276399613288749,0.002937860984464674,0.0044633148475280325,0.003411758923443748,0.0010954816920145864,0.0013525525192900172,0.002203229545491505,0.0022380780210864487,0.0026032171923600607,0.0018544300824707696
Mayonesas y dressings,0.002662262517759929,0.0040986503729876994,0.003713359216320451,0.0038522632015123687,0.0016202006378032911,0.004827256553334867,0.005134527013175925,0.007311574834994219,0.006314907371143662,0.002564099824407303,0.004172875983697526,0.002910692904029029,0.004406803211546759,0.0061667762458053315,0.007808116001773052,0.003817857123714394,0.0027908785868559923,0.0026788484478244986,0.009836096774024729,0.0022914210986972514,0.0062506793067161285,0.005452423327404028,0.0045104582420680385,0.006299142614749257,0.004215566734753585,0.002575381534940768,0.0035589196026954454,0.005257179708714992,0.0067176971376688155,0.006162120201595533,0.0029296072392067363,0.010010052849314149,0.008176448868160708,0.0026555185342720874,0.006316989354779977,0.002937860984464674,0.0238070750834352,0.006694763084852093,0.0046474300862713435,0.0025663499184256804,0.002585167575608629,0.0033464467123661603,0.005465290113408122,0.005355827667388329,0.003499046191621913
Aceites,0.0037078026393514607,0.006138458700202631,0.005088388891580177,0.005504268608740803,0.001824401063021864,0.007326633313725327,0.0057501470865760785,0.009852753409960138,0.009198483259110577,0.003236657531087373,0.005133735465997135,0.003919354520295101,0.0068240151537890155,0.004824321212713171,0.009450772011356664,0.00290559712875532,0.004818046815790014,0.003330893657862089,0.01331540197061299,0.0032373432562918256,0.011140133458410856,0.009581122377090108,0.0074330264513632295,0.008180205178419019,0.006420749336721697,0.002238721988617695,0.004926140940965231,0.008706972044061545,0.008040133687014365,0.007614893618465595,0.003887199187269523,0.009113519697944779,0.00952281754302335,0.0026057619297937904,0.007184820462004193,0.0044633148475280325,0.006694763084852093,0.025789318931414104,0.0061871488696440885,0.0022109777533686654,0.0030542607146992486,0.004328653014037715,0.00540145516417151,0.006125183817226278,0.004431646949359436
Barras de cereal,0.003122806912049373,0.004868969952344273,0.003562271837574543,0.004097263627693426,0.0020919453872866333,0.005407231691446739,0.005607832119703037,0.01358733616962564,0.007140570125872199,0.003968967231064693,0.004303303717656349,0.0031344276367192467,0.004773257615657238,0.005200309640174534,0.01169751416029485,0.002882927020208223,0.002935292763920909,0.002888221139783414,0.016130852776609687,0.0030110929273706845,0.007153223311001898,0.005851178813412197,0.004832273289801329,0.006321206857598774,0.0037312907160798226,0.002303733226342913,0.00313940060545273,0.005233382938451186,0.006652227225439554,0.006153627382644811,0.003715588946294149,0.007727303646730539,0.008974626311905506,0.0017870044417303017,0.007426689374714424,0.003411758923443748,0.0046474300862713435,0.0061871488696440885,0.026698596865275672,0.002476523176409632,0.002909329581294957,0.005270676833565616,0.0047925060738766975,0.005454987126325775,0.0038674974266989775
"Paltas, uvas y fruta seca",0.0009197648144781489,0.0021020991174640295,0.001334706851861603,0.0016827012139805596,0.0008257297701585304,0.0018814240766449593,0.0026011588156725804,0.004385224372278896,0.002716086795895455,0.0013624943300480348,0.002128559492324505,0.0013105238781324269,0.0016558252201605381,0.003008431528668318,0.00409549709880449,0.0020020517844606266,0.0008988254930107212,0.0010712545315208935,0.005296556126957076,0.0010795536983780002,0.002279481698208984,0.0017603005555162836,0.0014882648629207095,0.0023795179422692906,0.0014989349609291606,0.0013973884867769454,0.0010104577724763624,0.0016611402054360165,0.0045151492789537295,0.003354152904325156,0.0009400115901989275,0.004921002246354538,0.00575295231854629,0.0009776473914265302,0.003772271365296696,0.0010954816920145864,0.0025663499184256804,0.0022109777533686654,0.002476523176409632,0.016654243345141855,0.004021865928968868,0.005415029106460771,0.0076607425865150855,0.006212307480571133,0.004227436974326768
