Nombre,Shampoo,Papel Higiénico,Servilletas,Toallas de papel,Dulces,Limpiadores del hogar,Quesos,Yogurt,Mantequilla,Postres,Verduras congeladas,Café,Té,Snacks chips,Galletas dulces,Galletas saladas,Harina,Frutas en conserva,Leche,Manjar y mermeladas,Pasta,Arroz,Salsas ,Mariscos y pescados en conserva,Especias,Semillas,Sopas,Sustitutos del azúcar,Carne de vacuno,Carne de aves,Jugos en polvo,Cecinas envasadas,Quesos envasados,Carne de cerdo,Cecinas,Jabon,Mayonesas y dressings,Aceites,Barras de cereal,"Paltas, uvas y fruta seca","Naranjas, limones y sandias","Manzanas, duraznos y peras",Tomates y cebollas,Lechugas y champiñones,Papas y zapallos
Shampoo,1.0,0.1453230597047049,0.1500812479688008,0.1434350060129004,0.08253664754620779,0.1639235520915385,0.061131514109060474,0.09197352475062924,0.11024840352209753,0.09816660243351867,0.11231269094612288,0.11891649590163934,0.1444624321493191,0.05834482758620689,0.07636799067261182,0.06896551724137932,0.12919169644893924,0.12486976035906068,0.08864747729638026,0.11870447853711452,0.14581311520865106,0.16455986076761014,0.15738575982996816,0.13392153181903513,0.13903401834436316,0.060154618813836686,0.15195488721804512,0.1394297352342159,0.06943877967207766,0.07920455097972481,0.12846262721574442,0.07473004523566322,0.07580371052258886,0.06537016842360352,0.060418855755643326,0.28607594936708863,0.1124398257813097,0.1446954431364231,0.11776569924452195,0.05534196133643797,0.05800190467552493,0.06150137528201007,0.05434782608695652,0.06195313285728653,0.06611751784733662
Papel Higiénico,0.1453230597047049,1.0,0.3312967175820605,0.3816551874931672,0.12563734862970044,0.2691845280046433,0.11015294500488122,0.1542090053136944,0.18969251976256787,0.15674723338655508,0.1933950826827021,0.19960297131147545,0.2358346824111989,0.10110344827586204,0.1244071909120988,0.12054312786949302,0.2061440194662003,0.19083112927787127,0.15358624524186307,0.20137920347125368,0.2363094412865659,0.2635339378950261,0.24814027630180654,0.2148676553407171,0.217403924300476,0.11404548276056654,0.2230075187969925,0.22480651731160892,0.12972102129048044,0.1408810229980065,0.2007818292107569,0.13021669341894065,0.1405962328282113,0.11311038410275052,0.11080111598246314,0.2957102672292546,0.17238480935279282,0.23855481316505814,0.18285304071377292,0.1259544051551416,0.13505056460024487,0.13320147108817254,0.1222010241992168,0.13119782761741927,0.14365733113673804
Servilletas,0.1500812479688008,0.3312967175820605,1.0,0.27708538318574394,0.09751434034416827,0.2408274947141495,0.08295755659894936,0.10843665516919923,0.15025177933440234,0.10961845510102956,0.15188400174579314,0.1609887295081967,0.19969526711741736,0.07634482758620689,0.09207644676928894,0.10574387027449447,0.1907839708006996,0.16301995672036548,0.11324009523402193,0.16054548272121494,0.18605295993345347,0.2163140056792159,0.2051009564293305,0.16778674676177965,0.19575060954371298,0.09931719428926132,0.1960902255639098,0.19120162932790224,0.0933599804225467,0.10699178295327466,0.15393947563523622,0.09749379833649496,0.10563305480810084,0.08924027626317703,0.08199572448277112,0.2159634317862166,0.15672040956674566,0.19843037437692224,0.13424264178033024,0.08025125900254508,0.08824996598793708,0.08773990172142039,0.08434581785319811,0.09358342552549533,0.09595460369760203
Toallas de papel,0.1434350060129004,0.3816551874931672,0.27708538318574394,1.0,0.1062778840025494,0.2562497408896812,0.0879317558458463,0.12540318821664956,0.15886010071173376,0.13054010901282828,0.16279520876776102,0.17418032786885246,0.20417103133034947,0.08317241379310343,0.10438166664040713,0.10891862850444467,0.19519428180366516,0.17416045523763726,0.1273683760318207,0.16976600030993336,0.19548038264245116,0.22991664376660256,0.20600425079702445,0.18291721419185286,0.2054452571693951,0.09864003160092548,0.2006766917293233,0.19731160896130345,0.10877722489599477,0.11545193756989353,0.15528745703309296,0.10863855245877717,0.11726384364820848,0.10371985944505027,0.08849958331823618,0.24838255977496485,0.1623748758309773,0.21437409410683356,0.15420640618056267,0.1010451074890345,0.11183166296313092,0.1086318261890781,0.10249523044482378,0.1129940661772101,0.1182500457624016
Dulces,0.08253664754620779,0.12563734862970044,0.09751434034416827,0.1062778840025494,1.0,0.0702292608100825,0.049044674817535217,0.06314906311177403,0.06546262694460854,0.0744920993227991,0.06435187430289513,0.07165727459016394,0.07594514808113513,0.0733103448275862,0.0911626148198333,0.06877014750415161,0.07718044255189721,0.08527690951350485,0.06382675391699813,0.10413761041376103,0.07230001386385693,0.07767701749564898,0.07375132837407014,0.06731743945935799,0.07500290258910948,0.07127137294735061,0.08518796992481202,0.07474541751527494,0.04853576963863285,0.04920503719550737,0.07589135269933275,0.05634393696191449,0.05686163432941509,0.04428692596631528,0.048588716982499364,0.07946554149085795,0.06846488882096738,0.07123413582210911,0.0789320753426999,0.04971029403801375,0.04698199628134779,0.05263157894736842,0.04350336379154533,0.04659056622749673,0.04817865641588871
Limpiadores del hogar,0.1639235520915385,0.2691845280046433,0.2408274947141495,0.2562497408896812,0.0702292608100825,1.0,0.10899074891915762,0.1657872657779435,0.21380144597293727,0.17287892969223145,0.213520197856554,0.2309810450819672,0.2789734311017998,0.09655172413793102,0.13453812097244325,0.12572042590602714,0.2676602539730819,0.2311453073655526,0.16624609725845774,0.2256314892298156,0.2704145293220574,0.3163872858844005,0.2873007438894793,0.24854514736249295,0.28068036688726344,0.11669770328988208,0.2898496240601504,0.27083503054989816,0.13200505750876906,0.146812855545291,0.21985576599042933,0.13355464759959146,0.14590709531227872,0.11559432933478735,0.11080111598246314,0.3526019690576653,0.20294949186215328,0.28461837593240713,0.2029877277544184,0.11268749661558455,0.12743186250056687,0.12770034304787214,0.11600060247012753,0.13195212712461027,0.1410946366465312
Quesos,0.061131514109060474,0.11015294500488122,0.08295755659894936,0.0879317558458463,0.049044674817535217,0.10899074891915762,1.0,0.20812902022932786,0.2480940726362281,0.2010681054891813,0.21706027835701475,0.2030609631147541,0.20636129892391197,0.17528735632183906,0.1837117332871165,0.20899677639933573,0.23496312067523384,0.20197162779514308,0.2003478607986542,0.20137920347125368,0.22781782892000554,0.2234130255564716,0.2685441020191286,0.2174206870658908,0.2212353419249971,0.1881947971333446,0.21593984962406013,0.21177189409368632,0.18186638388123014,0.21177128409588172,0.2388623037002089,0.18508317525171455,0.17099206911202378,0.18490245971161998,0.587738686184282,0.20140646976090013,0.21406739512493314,0.2215151836532683,0.20876491300037608,0.1544917961769643,0.14851934152646135,0.168278888648515,0.17100110452856712,0.1846776626772604,0.16284092989200072
Yogurt,0.09197352475062924,0.1542090053136944,0.10843665516919923,0.12540318821664956,0.06314906311177403,0.1657872657779435,0.20812902022932786,1.0,0.40599769319492507,0.5375213345812916,0.3874690849134378,0.3273565573770492,0.3665841348443005,0.2246436781609195,0.31013565677732435,0.26355377552017195,0.3640787772792944,0.3882343512062194,0.3504697546440842,0.3966372229970556,0.4039581311520865,0.42855179994503984,0.42029755579171096,0.4111507415055379,0.350806919772437,0.2478415439309294,0.3822556390977444,0.3517718940936864,0.25715800636267233,0.2894685661496572,0.4385657477926805,0.26006858310229103,0.2995680498512958,0.2076214709802496,0.265100184789304,0.38403656821378346,0.303392679758539,0.3777707073920881,0.5034355450723004,0.2592191476688146,0.2623010294317718,0.3262663411317489,0.2464353850788232,0.2728301317509805,0.2754530477759473
Mantequilla,0.11024840352209753,0.18969251976256787,0.15025177933440234,0.15886010071173376,0.06546262694460854,0.21380144597293727,0.2480940726362281,0.40599769319492507,1.0,0.28007487749821064,0.29135347461325833,0.29098360655737704,0.3362060756118465,0.15112643678160914,0.195497014290441,0.1850151411546352,0.4160900311763364,0.2907750260479281,0.2481929772037124,0.3259724159305749,0.33592125329266603,0.3812402674727489,0.3614771519659936,0.3091045616669796,0.32009752699407873,0.1660741493143728,0.35481203007518797,0.35727087576374744,0.19006444245044454,0.215417902465114,0.3330862034103929,0.2125711367284401,0.2280484350658547,0.1760571913243669,0.20239863763179824,0.32004219409282697,0.26415526858714755,0.35553434439848697,0.26670768810036577,0.16185628418259598,0.17151149607727542,0.18314429644280988,0.1618385380058239,0.18641255154379965,0.19637561779242171
Postres,0.09816660243351867,0.15674723338655508,0.10961845510102956,0.13054010901282828,0.0744920993227991,0.17287892969223145,0.2010681054891813,0.5375213345812916,0.28007487749821064,1.0,0.14199117404587558,0.10495645491803278,0.12436910770402815,0.0828735632183908,0.11318911594636752,0.08928396991306048,0.11405976731807467,0.15356255510138653,0.11611992643599504,0.13024949635828295,0.14300568418133924,0.1421177979298342,0.1441020191285866,0.1314060446780552,0.12022524091489607,0.0824445573048925,0.14413533834586467,0.11812627291242365,0.08848601027816301,0.09682987309768076,0.1490867426029521,0.09202174230264118,0.10000354057498936,0.07112565127832303,0.08618065871951883,0.1358649789029536,0.10808435852372583,0.12606497684448684,0.14938638772091753,0.08182162776845184,0.08425921726905809,0.09827857959637792,0.07774374937242695,0.08664387005933823,0.09119531393007503
Verduras congeladas,0.11231269094612288,0.1933950826827021,0.15188400174579314,0.16279520876776102,0.06435187430289513,0.213520197856554,0.21706027835701475,0.3874690849134378,0.29135347461325833,0.14199117404587558,1.0,0.15445696721311478,0.17355489953337774,0.096,0.1058784603507224,0.12742991110676954,0.1866778191772489,0.20109000561032295,0.13029097700412018,0.17046335037966834,0.20449188964369885,0.2375652651827425,0.2279489904357067,0.19342969776609725,0.20381980726808316,0.11325545962417473,0.237218045112782,0.16997963340122196,0.15315278570845908,0.17102640151699325,0.1869650198827256,0.1281555523128557,0.13087735448236792,0.1332242820792439,0.10031160549295264,0.19437412095639947,0.1757087185756858,0.19973839572948704,0.1617953714148976,0.12768722586234907,0.13260169606820554,0.12862749945915875,0.14996485590922784,0.16353213315900633,0.17041918359875527
Café,0.11891649590163934,0.19960297131147545,0.1609887295081967,0.17418032786885246,0.07165727459016394,0.2309810450819672,0.2030609631147541,0.3273565573770492,0.29098360655737704,0.10495645491803278,0.15445696721311478,1.0,0.2089324826207028,0.0628735632183908,0.08654618790275569,0.08562078734004103,0.15177553037791805,0.1293580187545083,0.10685314286528948,0.1403998140399814,0.14563981699708858,0.16946047448932858,0.15940488841657813,0.13959076403228834,0.15041216765354698,0.07736583714237345,0.1630075187969925,0.18647657841140527,0.07710661554776084,0.08535518062916322,0.1177461751027836,0.08662264701590544,0.09391375159325874,0.08045559190597358,0.07355338961556579,0.15604781997187062,0.12283181783449225,0.15282638667939338,0.11810754452534784,0.07878919153083877,0.07641376808308012,0.07751027598355842,0.06903303544532584,0.07859800864930101,0.0805418268350723
Té,0.1444624321493191,0.2358346824111989,0.19969526711741736,0.20417103133034947,0.07594514808113513,0.2789734311017998,0.20636129892391197,0.3665841348443005,0.3362060756118465,0.12436910770402815,0.17355489953337774,0.2089324826207028,1.0,0.08724137931034483,0.1295278009737037,0.11380287193513725,0.25207208577294504,0.20309369239400502,0.1515047830859815,0.2333798233379823,0.2538472202966865,0.3018228451039663,0.26679064824654625,0.2315374507227333,0.25345408104028794,0.10259014728288472,0.2756390977443609,0.3002851323828921,0.11006199526878213,0.1303544513054894,0.19269394082361666,0.12428863271559902,0.13181560685455318,0.10602205258693807,0.10212326533570057,0.2568917018284107,0.18552762283181784,0.26545763071375544,0.17943458790551398,0.09931228678182703,0.10131059815881366,0.10989893995116977,0.0936841048298022,0.10482248818264103,0.10858502654219293
Snacks chips,0.05834482758620689,0.10110344827586204,0.07634482758620689,0.08317241379310343,0.0733103448275862,0.09655172413793102,0.17528735632183906,0.2246436781609195,0.15112643678160914,0.0828735632183908,0.096,0.0628735632183908,0.08724137931034483,1.0,0.19924687642786246,0.4603399433427762,0.18584138088358304,0.20341428227939407,0.17059435724163494,0.1741825507515884,0.1843892971024539,0.18750572501603005,0.19840595111583426,0.19042613103059886,0.2037037037037037,0.4854127870887647,0.1892481203007519,0.17270875763747456,0.17197569132881965,0.16042689745709146,0.19990564130215005,0.2176054282795856,0.2110182693669452,0.18920392584514725,0.1635747672017102,0.18551336146272854,0.2570489799037212,0.18580973592109448,0.1935527980036236,0.17864298478366816,0.1672940002720965,0.14256575084216705,0.16733607791946986,0.16323041335612992,0.1569101226432363
Galletas dulces,0.07636799067261182,0.1244071909120988,0.09207644676928894,0.10438166664040713,0.0911626148198333,0.13453812097244325,0.1837117332871165,0.31013565677732435,0.195497014290441,0.11318911594636752,0.1058784603507224,0.08654618790275569,0.1295278009737037,0.19924687642786246,1.0,0.295789782162743,0.36392669758953694,0.3959285084555582,0.3554738177722652,0.4950410661707733,0.3957091362817136,0.41123935147018414,0.39388947927736456,0.37717289281021216,0.3463949843260188,0.2838440268607867,0.4002255639097744,0.3718940936863544,0.24726731381026185,0.2707006369426752,0.414976073330188,0.2770137166204582,0.29501841098994475,0.2159214830970556,0.27138664444363925,0.3933192686357244,0.32257201803316266,0.3607664298087461,0.4315112979865313,0.2410245302431364,0.23413904131331914,0.2795994684303242,0.21987649362385786,0.2405209695262999,0.2517298187808896
Galletas saladas,0.06896551724137932,0.12054312786949302,0.10574387027449447,0.10891862850444467,0.06877014750415161,0.12572042590602714,0.20899677639933573,0.26355377552017195,0.1850151411546352,0.08928396991306048,0.12742991110676954,0.08562078734004103,0.11380287193513725,0.4603399433427762,0.295789782162743,1.0,0.11489620561174055,0.1288771339264246,0.0940649815377158,0.11250581125058112,0.10935117149591016,0.11976733534853898,0.12407013815090327,0.13200675802515488,0.14826425171252758,0.3089554765532419,0.12293233082706767,0.10639511201629326,0.09686760747206134,0.09332911946321776,0.11275864393071375,0.12786370932438348,0.1536963602889109,0.09941839331152308,0.08902496467263307,0.11533052039381154,0.16077022999923588,0.11305546717573445,0.10839913854989232,0.12010613526831646,0.10838510725137183,0.08628735667707142,0.10774174113866854,0.1066579503168058,0.10049423393739704
Harina,0.12919169644893924,0.2061440194662003,0.1907839708006996,0.19519428180366516,0.07718044255189721,0.2676602539730819,0.23496312067523384,0.3640787772792944,0.4160900311763364,0.11405976731807467,0.1866778191772489,0.15177553037791805,0.25207208577294504,0.18584138088358304,0.36392669758953694,0.11489620561174055,1.0,0.14891400176324435,0.10524214818299757,0.15806601580660154,0.16296963815333426,0.20701657964642306,0.18427205100956429,0.1441712033039234,0.1768837803320562,0.06105750239828452,0.18578947368421053,0.22138492871690427,0.07100905457215106,0.08727573297029223,0.1270472467479949,0.07710126951699986,0.08518623424444129,0.0700957227674785,0.06601688466973442,0.14936708860759496,0.11790326277985788,0.1880722593417471,0.11072368645950843,0.054096496453132616,0.0630356899913836,0.06706431374972957,0.060071292298423534,0.07326762546515136,0.07764964305326744
Frutas en conserva,0.12486976035906068,0.19083112927787127,0.16301995672036548,0.17416045523763726,0.08527690951350485,0.2311453073655526,0.20197162779514308,0.3882343512062194,0.2907750260479281,0.15356255510138653,0.20109000561032295,0.1293580187545083,0.20309369239400502,0.20341428227939407,0.3959285084555582,0.1288771339264246,0.14891400176324435,1.0,0.09044380765008624,0.13141174647450796,0.1424164702620269,0.14527800677841898,0.14888416578108396,0.1441336587197297,0.13375130616509928,0.06760340838553129,0.17030075187969926,0.1260285132382892,0.07215107268129538,0.07818349783633978,0.1179483723124621,0.07509484897125347,0.08226525987820422,0.06676360111474615,0.057266567629261925,0.1289029535864979,0.1132039428440437,0.1300597447590766,0.10898027552729636,0.06449342069637733,0.07083578976010158,0.07290539914083505,0.06757706597047898,0.07535452076837976,0.07845506132161817
Leche,0.08864747729638026,0.15358624524186307,0.11324009523402193,0.1273683760318207,0.06382675391699813,0.16624609725845774,0.2003478607986542,0.3504697546440842,0.2481929772037124,0.11611992643599504,0.13029097700412018,0.10685314286528948,0.1515047830859815,0.17059435724163494,0.3554738177722652,0.0940649815377158,0.10524214818299757,0.09044380765008624,1.0,0.5225476522547652,0.5332039373353668,0.5607767701749565,0.5413921360255048,0.5008072085601653,0.4819458957389992,0.2954122227865245,0.5371428571428573,0.5094501018329939,0.325515947467167,0.3579277483347109,0.5030666576801239,0.33211732088136586,0.3774784024925648,0.2774142735974797,0.32653357005688616,0.4911392405063291,0.40513486666157256,0.506769894297734,0.5932724848733464,0.3107705637082363,0.3205750306108566,0.3586859103130698,0.3037955618033939,0.3376244594186865,0.3487827201171517
Manjar y mermeladas,0.11870447853711452,0.20137920347125368,0.16054548272121494,0.16976600030993336,0.10413761041376103,0.2256314892298156,0.20137920347125368,0.3966372229970556,0.3259724159305749,0.13024949635828295,0.17046335037966834,0.1403998140399814,0.2333798233379823,0.1741825507515884,0.4950410661707733,0.11250581125058112,0.15806601580660154,0.13141174647450796,0.5225476522547652,1.0,0.13555386108415365,0.15407163140056793,0.14357066950053138,0.1291533696264314,0.13015209566933705,0.06218610687884432,0.1480451127819549,0.13841140529531568,0.06468716861081654,0.07730830942772403,0.1291366179146728,0.0709360863855246,0.08851437473445688,0.05470737913486005,0.06284647994492555,0.1340365682137834,0.09681363184839917,0.12638314420051613,0.11359518681844598,0.0649807765202794,0.0661647997823228,0.07639768829001453,0.0577116176322924,0.06404002816051492,0.07010799926780158
Pasta,0.14581311520865106,0.2363094412865659,0.18605295993345347,0.19548038264245116,0.07230001386385693,0.2704145293220574,0.22781782892000554,0.4039581311520865,0.33592125329266603,0.14300568418133924,0.20449188964369885,0.14563981699708858,0.2538472202966865,0.1843892971024539,0.3957091362817136,0.10935117149591016,0.16296963815333426,0.1424164702620269,0.5332039373353668,0.13555386108415365,1.0,0.5209306586058441,0.6513815090329437,0.369138351792754,0.3949262742366191,0.13396535184244682,0.4590225563909774,0.3607739307535641,0.19712048291051476,0.2146885787912676,0.3291096582867157,0.18269371078359845,0.20783175187650474,0.15927541500060585,0.1507482155150549,0.3440225035161744,0.2622449759303125,0.4318591579170644,0.2679725156394216,0.13624302810418584,0.14221577252732304,0.15631857094291807,0.151270207852194,0.17386603640752288,0.18162181951308806
Arroz,0.16455986076761014,0.2635339378950261,0.2163140056792159,0.22991664376660256,0.07767701749564898,0.3163872858844005,0.2234130255564716,0.42855179994503984,0.3812402674727489,0.1421177979298342,0.2375652651827425,0.16946047448932858,0.3018228451039663,0.18750572501603005,0.41123935147018414,0.11976733534853898,0.20701657964642306,0.14527800677841898,0.5607767701749565,0.15407163140056793,0.5209306586058441,1.0,0.3964399574920298,0.3106063450347287,0.3274701033321723,0.1106596693188872,0.3791729323308271,0.3497352342158859,0.14701443837180847,0.18143141926386933,0.2671699130551998,0.14920472785641326,0.15121795779634611,0.1427359747970435,0.11400775390412694,0.3089310829817159,0.22946435393902345,0.3725739739102769,0.2198748846272177,0.10553961119835382,0.11641195410638976,0.12185925765676668,0.11866151220002008,0.13720708035804086,0.14629324546952224
Salsas ,0.15738575982996816,0.24814027630180654,0.2051009564293305,0.20600425079702445,0.07375132837407014,0.2873007438894793,0.2685441020191286,0.42029755579171096,0.3614771519659936,0.1441020191285866,0.2279489904357067,0.15940488841657813,0.26679064824654625,0.19840595111583426,0.39388947927736456,0.12407013815090327,0.18427205100956429,0.14888416578108396,0.5413921360255048,0.14357066950053138,0.6513815090329437,0.3964399574920298,1.0,0.25237469495025344,0.28874956461163354,0.09006263754867108,0.3234586466165414,0.24700610997963335,0.14446529080675424,0.13978703748723684,0.2323245939206039,0.1300707719247045,0.15376717178869848,0.10929359020962076,0.11159824631327224,0.2418424753867792,0.1900741193550852,0.2894262382012939,0.1818275048712953,0.08934856771538419,0.09364654664187563,0.10445962233828847,0.1071141680891656,0.11990847832646083,0.1170785282811642
Mariscos y pescados en conserva,0.13392153181903513,0.2148676553407171,0.16778674676177965,0.18291721419185286,0.06731743945935799,0.24854514736249295,0.2174206870658908,0.4111507415055379,0.3091045616669796,0.1314060446780552,0.19342969776609725,0.13959076403228834,0.2315374507227333,0.19042613103059886,0.37717289281021216,0.13200675802515488,0.1441712033039234,0.1441336587197297,0.5008072085601653,0.1291533696264314,0.369138351792754,0.3106063450347287,0.25237469495025344,1.0,0.2926970858005341,0.14547711754415665,0.3463157894736842,0.28769857433808554,0.1535810424993882,0.18060485243351,0.2700680730605918,0.15918211002480667,0.1824812349525563,0.13201260147825036,0.13737816587557522,0.2978902953586498,0.2645373271185145,0.3174249655318698,0.23703551772467785,0.14236205122651216,0.1557752482880595,0.1546496894026022,0.14597349131438903,0.1666247611384894,0.15559216547684426
Especias,0.13903401834436316,0.217403924300476,0.19575060954371298,0.2054452571693951,0.07500290258910948,0.28068036688726344,0.2212353419249971,0.350806919772437,0.32009752699407873,0.12022524091489607,0.20381980726808316,0.15041216765354698,0.25345408104028794,0.2037037037037037,0.3463949843260188,0.14826425171252758,0.1768837803320562,0.13375130616509928,0.4819458957389992,0.13015209566933705,0.3949262742366191,0.3274701033321723,0.28874956461163354,0.2926970858005341,1.0,0.10061508944190507,0.2599248120300752,0.2179633401221996,0.10928705440900564,0.12665921135800068,0.16667789984498213,0.11232307018823874,0.12384931312845204,0.11838119471707258,0.08592702634153411,0.20513361462728552,0.17777183464506766,0.25018559762435044,0.14049841041944414,0.09005252612768723,0.10607228697111244,0.09098494916092344,0.10636108042976204,0.1153072513325958,0.12121544938678383
Semillas,0.060154618813836686,0.11404548276056654,0.09931719428926132,0.09864003160092548,0.07127137294735061,0.11669770328988208,0.1881947971333446,0.2478415439309294,0.1660741493143728,0.0824445573048925,0.11325545962417473,0.07736583714237345,0.10259014728288472,0.4854127870887647,0.2838440268607867,0.3089554765532419,0.06105750239828452,0.06760340838553129,0.2954122227865245,0.06218610687884432,0.13396535184244682,0.1106596693188872,0.09006263754867108,0.14547711754415665,0.10061508944190507,1.0,0.0868421052631579,0.08248472505091649,0.0760665633412187,0.07319978606505567,0.08707959830154344,0.09194878155552312,0.10418141906245576,0.07869865503453287,0.07174172977281787,0.09029535864978903,0.10858103461450293,0.08721320748046807,0.08672614774553038,0.0839335030053609,0.08171964990249875,0.07380165033841209,0.07678983833718245,0.07686311978276174,0.07475745927146256
Sopas,0.15195488721804512,0.2230075187969925,0.1960902255639098,0.2006766917293233,0.08518796992481202,0.2898496240601504,0.21593984962406013,0.3822556390977444,0.35481203007518797,0.14413533834586467,0.237218045112782,0.1630075187969925,0.2756390977443609,0.1892481203007519,0.4002255639097744,0.12293233082706767,0.18578947368421053,0.17030075187969926,0.5371428571428573,0.1480451127819549,0.4590225563909774,0.3791729323308271,0.3234586466165414,0.3463157894736842,0.2599248120300752,0.0868421052631579,1.0,0.17621181262729124,0.08762949669630478,0.09802110176496327,0.16128597425355531,0.09034364511892602,0.09292239059623283,0.08318187325820914,0.06654226602413131,0.16828410689170184,0.1503400320929166,0.19227913882702305,0.11841520527809116,0.060811176693561474,0.06453222076096322,0.07009302469326575,0.07184456270709913,0.08430554158704616,0.09028006589785832
Sustitutos del azúcar,0.1394297352342159,0.22480651731160892,0.19120162932790224,0.19731160896130345,0.07474541751527494,0.27083503054989816,0.21177189409368632,0.3517718940936864,0.35727087576374744,0.11812627291242365,0.16997963340122196,0.18647657841140527,0.3002851323828921,0.17270875763747456,0.3718940936863544,0.10639511201629326,0.22138492871690427,0.1260285132382892,0.5094501018329939,0.13841140529531568,0.3607739307535641,0.3497352342158859,0.24700610997963335,0.28769857433808554,0.2179633401221996,0.08248472505091649,0.17621181262729124,1.0,0.12786524186312098,0.15493265911411486,0.2315158050818899,0.14338610827374873,0.14590709531227872,0.13170968132800193,0.1173049748179282,0.2927566807313643,0.22098265454267596,0.33817654753066784,0.19642429836256112,0.09947473872312773,0.11541426692667,0.11450381679389313,0.10304749472838637,0.11789701297395153,0.12531576057111474
Carne de vacuno,0.06943877967207766,0.12972102129048044,0.0933599804225467,0.10877722489599477,0.04853576963863285,0.13200505750876906,0.18186638388123014,0.25715800636267233,0.19006444245044454,0.08848601027816301,0.15315278570845908,0.07710661554776084,0.11006199526878213,0.17197569132881965,0.24726731381026185,0.09686760747206134,0.07100905457215106,0.07215107268129538,0.325515947467167,0.06468716861081654,0.19712048291051476,0.14701443837180847,0.14446529080675424,0.1535810424993882,0.10928705440900564,0.0760665633412187,0.08762949669630478,0.12786524186312098,1.0,0.35746584334127485,0.2651479409584148,0.3000145921494236,0.27104871831185384,0.4093057070156307,0.20397478169498892,0.2650492264416315,0.27932299228241764,0.3089051507759749,0.2469832153967115,0.26745004602805,0.2853385333998458,0.2616126340513645,0.3137865247514811,0.33289751584028965,0.3488559399597291
Carne de aves,0.07920455097972481,0.1408810229980065,0.10699178295327466,0.11545193756989353,0.04920503719550737,0.146812855545291,0.21177128409588172,0.2894685661496572,0.215417902465114,0.09682987309768076,0.17102640151699325,0.08535518062916322,0.1303544513054894,0.16042689745709146,0.2707006369426752,0.09332911946321776,0.08727573297029223,0.07818349783633978,0.3579277483347109,0.07730830942772403,0.2146885787912676,0.18143141926386933,0.13978703748723684,0.18060485243351,0.12665921135800068,0.07319978606505567,0.09802110176496327,0.15493265911411486,0.35746584334127485,1.0,0.2702702702702703,0.23551729169706698,0.2321555020535335,0.3919786744214225,0.2093372948295228,0.2528832630098453,0.25712539160999465,0.2935977657581221,0.2292756298499299,0.19938268262305733,0.2261575438755612,0.21089717835398836,0.24028516919369414,0.27398672432867344,0.2875709317224968
Jugos en polvo,0.12846262721574442,0.2007818292107569,0.15393947563523622,0.15528745703309296,0.07589135269933275,0.21985576599042933,0.2388623037002089,0.4385657477926805,0.3330862034103929,0.1490867426029521,0.1869650198827256,0.1177461751027836,0.19269394082361666,0.19990564130215005,0.414976073330188,0.11275864393071375,0.1270472467479949,0.1179483723124621,0.5030666576801239,0.1291366179146728,0.3291096582867157,0.2671699130551998,0.2323245939206039,0.2700680730605918,0.16667789984498213,0.08707959830154344,0.16128597425355531,0.2315158050818899,0.2651479409584148,0.2702702702702703,1.0,0.09185758062162558,0.08585894349242316,0.07463952502120441,0.08045581361643539,0.1490154711673699,0.12367234660349966,0.15162442111217167,0.1400540115543705,0.05653327557264309,0.06104031563194413,0.07420341811663628,0.06456471533286474,0.07185959971839484,0.07014460918909024
Cecinas envasadas,0.07473004523566322,0.13021669341894065,0.09749379833649496,0.10863855245877717,0.05634393696191449,0.13355464759959146,0.18508317525171455,0.26006858310229103,0.2125711367284401,0.09202174230264118,0.1281555523128557,0.08662264701590544,0.12428863271559902,0.2176054282795856,0.2770137166204582,0.12786370932438348,0.07710126951699986,0.07509484897125347,0.33211732088136586,0.0709360863855246,0.18269371078359845,0.14920472785641326,0.1300707719247045,0.15918211002480667,0.11232307018823874,0.09194878155552312,0.09034364511892602,0.14338610827374873,0.3000145921494236,0.23551729169706698,0.09185758062162558,1.0,0.3470471604588585,0.42281594571670905,0.2200260879017356,0.3205344585091421,0.4151448001833881,0.3492417011347969,0.2861586845793594,0.29073482428115016,0.26180218584191195,0.24211144420063666,0.2864996485590923,0.2752941768078045,0.2768808347062053
Quesos envasados,0.07580371052258886,0.1405962328282113,0.10563305480810084,0.11726384364820848,0.05686163432941509,0.14590709531227872,0.17099206911202378,0.2995680498512958,0.2280484350658547,0.10000354057498936,0.13087735448236792,0.09391375159325874,0.13181560685455318,0.2110182693669452,0.29501841098994475,0.1536963602889109,0.08518623424444129,0.08226525987820422,0.3774784024925648,0.08851437473445688,0.20783175187650474,0.15121795779634611,0.15376717178869848,0.1824812349525563,0.12384931312845204,0.10418141906245576,0.09292239059623283,0.14590709531227872,0.27104871831185384,0.2321555020535335,0.08585894349242316,0.3470471604588585,1.0,0.25433175814855197,0.2783615348382188,0.3459915611814346,0.3388477114693971,0.3646551419379927,0.3321026903223601,0.3396328586126604,0.3151784499569181,0.319559909756776,0.3210161662817552,0.34018907774313584,0.3276587955335896
Carne de cerdo,0.06537016842360352,0.11311038410275052,0.08924027626317703,0.10371985944505027,0.04428692596631528,0.11559432933478735,0.18490245971161998,0.2076214709802496,0.1760571913243669,0.07112565127832303,0.1332242820792439,0.08045559190597358,0.10602205258693807,0.18920392584514725,0.2159214830970556,0.09941839331152308,0.0700957227674785,0.06676360111474615,0.2774142735974797,0.05470737913486005,0.15927541500060585,0.1427359747970435,0.10929359020962076,0.13201260147825036,0.11838119471707258,0.07869865503453287,0.08318187325820914,0.13170968132800193,0.4093057070156307,0.3919786744214225,0.07463952502120441,0.42281594571670905,0.25433175814855197,1.0,0.07018370230805464,0.08009845288326299,0.112019561396806,0.10156609043023296,0.06730933579461937,0.058753452103752636,0.08131150514715886,0.06177952220539605,0.08291495130033136,0.08920848838378759,0.0923302214900238
Cecinas,0.060418855755643326,0.11080111598246314,0.08199572448277112,0.08849958331823618,0.048588716982499364,0.11080111598246314,0.587738686184282,0.265100184789304,0.20239863763179824,0.08618065871951883,0.10031160549295264,0.07355338961556579,0.10212326533570057,0.1635747672017102,0.27138664444363925,0.08902496467263307,0.06601688466973442,0.057266567629261925,0.32653357005688616,0.06284647994492555,0.1507482155150549,0.11400775390412694,0.11159824631327224,0.13737816587557522,0.08592702634153411,0.07174172977281787,0.06654226602413131,0.1173049748179282,0.20397478169498892,0.2093372948295228,0.08045581361643539,0.2200260879017356,0.2783615348382188,0.07018370230805464,1.0,0.25942334739803097,0.2619393291052189,0.2752854668222152,0.27498034389635256,0.22282991281745815,0.2061584508639064,0.2369811787248509,0.22083040465910234,0.24150155888564814,0.22046494600036606
Jabon,0.28607594936708863,0.2957102672292546,0.2159634317862166,0.24838255977496485,0.07946554149085795,0.3526019690576653,0.20140646976090013,0.38403656821378346,0.32004219409282697,0.1358649789029536,0.19437412095639947,0.15604781997187062,0.2568917018284107,0.18551336146272854,0.3933192686357244,0.11533052039381154,0.14936708860759496,0.1289029535864979,0.4911392405063291,0.1340365682137834,0.3440225035161744,0.3089310829817159,0.2418424753867792,0.2978902953586498,0.20513361462728552,0.09029535864978903,0.16828410689170184,0.2927566807313643,0.2650492264416315,0.2528832630098453,0.1490154711673699,0.3205344585091421,0.3459915611814346,0.08009845288326299,0.25942334739803097,1.0,0.12405440513486668,0.17414359953335454,0.1286363791747855,0.06590133752098337,0.06797877647272232,0.07494514324566554,0.06152726177327041,0.07168359650005028,0.07497711879919458
Mayonesas y dressings,0.1124398257813097,0.17238480935279282,0.15672040956674566,0.1623748758309773,0.06846488882096738,0.20294949186215328,0.21406739512493314,0.303392679758539,0.26415526858714755,0.10808435852372583,0.1757087185756858,0.12283181783449225,0.18552762283181784,0.2570489799037212,0.32257201803316266,0.16077022999923588,0.11790326277985788,0.1132039428440437,0.40513486666157256,0.09681363184839917,0.2622449759303125,0.22946435393902345,0.1900741193550852,0.2645373271185145,0.17777183464506766,0.10858103461450293,0.1503400320929166,0.22098265454267596,0.27932299228241764,0.25712539160999465,0.12367234660349966,0.4151448001833881,0.3388477114693971,0.112019561396806,0.2619393291052189,0.12405440513486668,1.0,0.25983667409057165,0.1743069086931255,0.15357123517626034,0.12924583919096638,0.11323670303180147,0.14946279746962546,0.14671125414864727,0.14072853743364452
Aceites,0.1446954431364231,0.23855481316505814,0.19843037437692224,0.21437409410683356,0.07123413582210911,0.28461837593240713,0.2215151836532683,0.3777707073920881,0.35553434439848697,0.12606497684448684,0.19973839572948704,0.15282638667939338,0.26545763071375544,0.18580973592109448,0.3607664298087461,0.11305546717573445,0.1880722593417471,0.1300597447590766,0.506769894297734,0.12638314420051613,0.4318591579170644,0.3725739739102769,0.2894262382012939,0.3174249655318698,0.25018559762435044,0.08721320748046807,0.19227913882702305,0.33817654753066784,0.3089051507759749,0.2935977657581221,0.15162442111217167,0.3492417011347969,0.3646551419379927,0.10156609043023296,0.2752854668222152,0.17414359953335454,0.25983667409057165,1.0,0.2318394694561242,0.13218172957166838,0.15255543966260035,0.14633618691473252,0.14758007832111658,0.167630493814744,0.17807065714808712
Barras de cereal,0.11776569924452195,0.18285304071377292,0.13424264178033024,0.15420640618056267,0.0789320753426999,0.2029877277544184,0.20876491300037608,0.5034355450723004,0.26670768810036577,0.14938638772091753,0.1617953714148976,0.11810754452534784,0.17943458790551398,0.1935527980036236,0.4315112979865313,0.10839913854989232,0.11072368645950843,0.10898027552729636,0.5932724848733464,0.11359518681844598,0.2679725156394216,0.2198748846272177,0.1818275048712953,0.23703551772467785,0.14049841041944414,0.08672614774553038,0.11841520527809116,0.19642429836256112,0.2469832153967115,0.2292756298499299,0.1400540115543705,0.2861586845793594,0.3321026903223601,0.06730933579461937,0.27498034389635256,0.1286363791747855,0.1743069086931255,0.2318394694561242,1.0,0.14799371852493634,0.14525418348374222,0.17810674660815276,0.1308866352043378,0.14922558583928391,0.15533589602782352
"Paltas, uvas y fruta seca",0.05534196133643797,0.1259544051551416,0.08025125900254508,0.1010451074890345,0.04971029403801375,0.11268749661558455,0.1544917961769643,0.2592191476688146,0.16185628418259598,0.08182162776845184,0.12768722586234907,0.07878919153083877,0.09931228678182703,0.17864298478366816,0.2410245302431364,0.12010613526831646,0.054096496453132616,0.06449342069637733,0.3107705637082363,0.0649807765202794,0.13624302810418584,0.10553961119835382,0.08934856771538419,0.14236205122651216,0.09005252612768723,0.0839335030053609,0.060811176693561474,0.09947473872312773,0.26745004602805,0.19938268262305733,0.05653327557264309,0.29073482428115016,0.3396328586126604,0.058753452103752636,0.22282991281745815,0.06590133752098337,0.15357123517626034,0.13218172957166838,0.14799371852493634,1.0,0.20175955738968754,0.1838551163581296,0.2102118686615122,0.17074826511113345,0.1706022332051986
"Naranjas, limones y sandias",0.05800190467552493,0.13505056460024487,0.08824996598793708,0.11183166296313092,0.04698199628134779,0.12743186250056687,0.14851934152646135,0.2623010294317718,0.17151149607727542,0.08425921726905809,0.13260169606820554,0.07641376808308012,0.10131059815881366,0.1672940002720965,0.23413904131331914,0.10838510725137183,0.0630356899913836,0.07083578976010158,0.3205750306108566,0.0661647997823228,0.14221577252732304,0.11641195410638976,0.09364654664187563,0.1557752482880595,0.10607228697111244,0.08171964990249875,0.06453222076096322,0.11541426692667,0.2853385333998458,0.2261575438755612,0.06104031563194413,0.26180218584191195,0.3151784499569181,0.08131150514715886,0.2061584508639064,0.06797877647272232,0.12924583919096638,0.15255543966260035,0.14525418348374222,0.20175955738968754,1.0,0.2589547856723429,0.2414399036047796,0.2503520064366891,0.2663371773750686
"Manzanas, duraznos y peras",0.06150137528201007,0.13320147108817254,0.08773990172142039,0.1086318261890781,0.05263157894736842,0.12770034304787214,0.168278888648515,0.3262663411317489,0.18314429644280988,0.09827857959637792,0.12862749945915875,0.07751027598355842,0.10989893995116977,0.14256575084216705,0.2795994684303242,0.08628735667707142,0.06706431374972957,0.07290539914083505,0.3586859103130698,0.07639768829001453,0.15631857094291807,0.12185925765676668,0.10445962233828847,0.1546496894026022,0.09098494916092344,0.07380165033841209,0.07009302469326575,0.11450381679389313,0.2616126340513645,0.21089717835398836,0.07420341811663628,0.24211144420063666,0.319559909756776,0.06177952220539605,0.2369811787248509,0.07494514324566554,0.11323670303180147,0.14633618691473252,0.17810674660815276,0.1838551163581296,0.2589547856723429,1.0,0.28700170699869465,0.29324650507895,0.32853743364451765
Tomates y cebollas,0.05434782608695652,0.1222010241992168,0.08434581785319811,0.10249523044482378,0.04350336379154533,0.11600060247012753,0.17100110452856712,0.2464353850788232,0.1618385380058239,0.07774374937242695,0.14996485590922784,0.06903303544532584,0.0936841048298022,0.16733607791946986,0.21987649362385786,0.10774174113866854,0.060071292298423534,0.06757706597047898,0.3037955618033939,0.0577116176322924,0.151270207852194,0.11866151220002008,0.1071141680891656,0.14597349131438903,0.10636108042976204,0.07678983833718245,0.07184456270709913,0.10304749472838637,0.3137865247514811,0.24028516919369414,0.06456471533286474,0.2864996485590923,0.3210161662817552,0.08291495130033136,0.22083040465910234,0.06152726177327041,0.14946279746962546,0.14758007832111658,0.1308866352043378,0.2102118686615122,0.2414399036047796,0.28700170699869465,1.0,0.4691994367897013,0.5141131246567819
Lechugas y champiñones,0.06195313285728653,0.13119782761741927,0.09358342552549533,0.1129940661772101,0.04659056622749673,0.13195212712461027,0.1846776626772604,0.2728301317509805,0.18641255154379965,0.08664387005933823,0.16353213315900633,0.07859800864930101,0.10482248818264103,0.16323041335612992,0.2405209695262999,0.1066579503168058,0.07326762546515136,0.07535452076837976,0.3376244594186865,0.06404002816051492,0.17386603640752288,0.13720708035804086,0.11990847832646083,0.1666247611384894,0.1153072513325958,0.07686311978276174,0.08430554158704616,0.11789701297395153,0.33289751584028965,0.27398672432867344,0.07185959971839484,0.2752941768078045,0.34018907774313584,0.08920848838378759,0.24150155888564814,0.07168359650005028,0.14671125414864727,0.167630493814744,0.14922558583928391,0.17074826511113345,0.2503520064366891,0.29324650507895,0.4691994367897013,1.0,0.5263042284459089
