Nombre,Shampoo,Papel Higiénico,Servilletas,Toallas de papel,Dulces,Limpiadores del hogar,Quesos,Yogurt,Mantequilla,Postres,Verduras congeladas,Café,Té,Snacks chips,Galletas dulces,Galletas saladas,Harina,Frutas en conserva,Leche,Manjar y mermeladas,Pasta,Arroz,Salsas ,Mariscos y pescados en conserva,Especias,Semillas,Sopas,Sustitutos del azúcar,Carne de vacuno,Carne de aves,Jugos en polvo,Cecinas envasadas,Quesos envasados,Carne de cerdo,Cecinas,Jabon,Mayonesas y dressings,Aceites,Barras de cereal,"Paltas, uvas y fruta seca","Naranjas, limones y sandias","Manzanas, duraznos y peras",Tomates y cebollas,Lechugas y champiñones,Papas y zapallos
Shampoo,164.53056625717815,23.91008530344081,24.69295271289076,23.599442760404262,13.579801357746707,26.970434848508873,10.058002632522397,15.132456107889618,18.13923226044058,16.151406685930112,18.478870639233048,19.56539840801613,23.768485764416646,9.599507520936047,12.564868749287724,11.346935603943324,21.25598297246945,20.54489238027439,14.585219636843787,19.530515070974506,23.99071441300251,27.07512707529729,25.894768185640906,22.03418546421455,22.875345767208966,9.897273496425251,25.00122363953061,22.94045329117397,11.42480173965437,13.031569622839658,21.13602879869121,12.295376659048207,12.47202741667676,10.755390827062595,9.940748550086765,47.06823794192693,18.499788205657342,23.806823194069015,19.376057182373735,9.105444236467001,9.543086220258985,10.118856100744337,8.941878600933595,10.193184030415543,10.878352650941377
Papel Higiénico,23.91008530344081,97.43218113727349,32.278961797639454,37.185497359814335,12.24112090929575,26.22723569189987,10.73244169051971,15.024919738722641,18.482155945892337,15.272224836085314,18.84290472699901,19.447752856357674,22.9778874951393,9.850729486016752,12.121263959726974,11.744779869433962,20.085061444996462,18.593093154432005,14.964242866598909,19.620815029891038,23.024144287880574,25.676686372807158,24.1768483480907,20.935024315697998,21.182138532398067,11.111700134215319,21.728108966402488,21.903389315544292,12.6390020436862,13.726345351546161,19.562611552735568,12.68729646029103,13.698597624136555,11.020591432405766,10.795594402615396,28.81169632083228,16.795827970175665,23.24291576746638,17.815770584325566,12.272012418113288,13.158271072822108,12.978109858814125,11.906312324938432,12.782890505237177,13.996847109011936
Servilletas,24.69295271289076,32.278961797639454,147.12037699057527,40.764906032864644,14.346346513421295,35.43063181204143,12.204747001054411,15.953241588089595,22.105098419182,16.127108439587914,22.34523159567827,23.684722576479643,29.379242981548067,11.231879815763225,13.546321560650425,15.55707805922611,28.068209707957816,23.983557489687428,16.659925501277947,23.619511942079026,27.372181605622067,31.82419806386768,30.174530031010647,24.684849437615195,28.798903472205954,14.611583065482332,28.848867909129343,28.12965578793321,13.735155515597794,15.74067144297957,22.647633689187426,14.343324365508256,15.540774846033887,13.129063086581688,12.063241897520626,31.77262150056657,23.05676573757697,29.193151484713784,19.749828066932928,11.806595478422727,12.983368265550745,12.908327418371387,12.408988520140898,13.768028843380295,14.116877469972458
Toallas de papel,23.599442760404262,37.185497359814335,40.764906032864644,123.72619438067127,13.149358134465858,31.70480525131334,10.879461516016905,15.515659241249088,19.655155699992985,16.15123090219521,20.14203164424196,21.55066910319069,25.261304709280942,10.29060623607514,12.914746376529438,13.476087402017045,24.1506456524358,21.548210338158103,15.758804450863476,21.004501153575912,24.186043820427905,28.446711358018216,25.488121977357203,22.63165079867207,25.418959823127576,12.20435572357166,24.828963368572307,24.41261448390923,13.458592071671847,14.284428869397766,19.213126093756603,13.44143465874942,14.508609113042883,12.832863490834196,10.9497166482405,30.731428871486003,20.09002544960085,26.5236908376424,19.079371785841047,12.501926610404105,13.836506069690053,13.440602442997172,12.681344805107964,13.980325795703928,14.630628147522174
Dulces,13.579801357746707,12.24112090929575,14.346346513421295,13.149358134465858,180.32560548119824,12.664133978075116,8.844010682100514,11.387393041201053,11.804587840176337,13.432832913949303,11.604290697519527,12.921641427603793,13.694854811089952,13.219732319069907,16.438953714635698,12.401018487717453,13.917610034477699,15.377610341588115,11.509598045982127,18.778677651226594,13.037543776299026,14.007155211876533,13.299252944096873,12.139058029952636,13.524943822228494,12.852053480207289,15.361572256405836,13.478512670386912,8.752242047582426,8.872928125004746,13.685154126294346,10.160254547851695,10.253608639102264,7.9860667397768035,8.761789809423776,14.329671884230239,12.34597253084386,12.845338673051733,14.233474278059914,8.964038871053226,8.472056926149444,9.490821341115696,7.844770416179247,8.401472064685214,8.687845389465746
Limpiadores del hogar,26.970434848508873,26.22723569189987,35.43063181204143,31.70480525131334,12.664133978075116,93.83719580448572,10.227386247204537,15.5570121206952,20.062528149044688,16.222473975999847,20.036136614477996,21.6746135544813,26.178084478548797,9.060143043191726,12.624680000858744,11.797252222367208,25.116487661150465,21.690027466549395,15.600067580173477,21.17262623451592,25.374941136371746,29.68889569558429,26.95949615913147,23.32277965930901,26.33825854607503,10.950585233546443,27.198675926788912,25.414399792424675,12.38698442863276,13.77650667241915,20.63064856198911,12.53239361740195,13.691512672082059,10.847047715676648,10.397266015801929,33.08718001151135,19.044211206289763,26.707790271924015,19.047799155199,10.57427868463393,11.957848633195994,11.983042094883178,10.88517124742767,12.382017589810445,13.239925045963314
Quesos,10.058002632522397,10.73244169051971,12.204747001054411,10.879461516016905,8.844010682100514,10.227386247204537,52.61138487285574,10.949955986495548,13.052572740138825,10.578471483547276,11.419841845250106,10.683318483083092,10.856953720548368,9.22211056679368,9.665328705627912,10.995609840331626,12.361735172771974,10.62600704332744,10.540578412931325,10.594838779215255,11.985811478208818,11.754068673160686,14.128477106663814,11.438803446544311,11.639497721493859,9.901188903051402,11.360894537958027,11.141612625416577,9.568242317809927,11.14158053258731,12.566876591588647,9.737482166658165,8.996129558258632,9.727974471825744,30.921746223507853,10.5962732964739,11.262382113647542,11.654220582363422,10.983411185811029,8.128027348365054,7.813808238111767,8.853385376663459,8.99660492403588,9.716147588532774,8.56728683560177
Yogurt,15.132456107889618,15.024919738722641,15.953241588089595,15.515659241249088,11.387393041201053,15.5570121206952,10.949955986495548,42.200932227090526,17.13348113487412,22.683901411280328,16.35155659252477,13.814751891962526,15.470192230090936,9.4801726373133,13.088013832864073,11.122215018920603,15.364463805285485,16.383851543482123,14.79015036338004,16.738460566440132,17.047409715331344,18.085285465278282,17.73694866717779,17.350944577393218,14.804379046110995,10.459144198486632,16.131544318987086,14.845101862042924,10.852307598164847,12.21584334195475,18.507883399722182,10.97513664989524,12.642050969176207,8.761819625726353,11.187474931682589,16.2067011879143,12.803453916685484,15.942276020033557,21.245449318304523,10.939289682735813,11.069347966146276,13.76874375008173,10.399802984068373,11.513685899531307,11.62437540093828
Mantequilla,18.13923226044058,18.482155945892337,22.105098419182,19.655155699992985,11.804587840176337,20.062528149044688,13.052572740138825,17.13348113487412,63.674768616198286,17.83370301990864,18.55186508152462,18.52831381864786,21.407844071944385,9.62294089385948,12.448227150101438,11.780796303514654,26.494436458659948,18.51503250297085,15.80363039561176,20.7562181596425,21.389708076673838,24.27538581850483,23.016974011476982,19.68216144235632,20.382135965965247,10.574733030724651,22.592573917281186,22.749140347563138,12.102309395198793,13.716685095252902,21.209186931404727,13.535417945665673,14.520931336104413,11.210400920796811,12.887686419438515,20.37861265628118,16.820025606036328,22.63856711468541,16.98255032795197,10.306161444404431,10.920954827738509,11.661670699372346,10.30503146070465,11.869776086706574,12.504172024795446
Postres,16.151406685930112,15.272224836085314,16.127108439587914,16.15123090219521,13.432832913949303,16.222473975999847,10.578471483547276,22.683901411280328,17.83370301990864,124.61856521499752,17.694736382790012,13.079522821937815,15.498699759145484,10.327584542530252,14.105465227190313,11.126440227264604,14.21396455193493,19.13674528748379,14.470698625324767,16.231505356145266,17.821163180267565,17.710516069530886,17.95778686838859,16.375632748357102,14.982297025441765,10.274122441121346,17.961939061439868,14.720726644541461,11.026999642464194,12.066799855383262,18.57897595575753,11.467617494339384,12.462297742874966,8.863576612286868,10.739710038909802,16.931298733851982,13.4693176814101,15.710036538221841,18.616317300432065,10.19649385606007,10.50026276220876,12.247335580668544,9.68831450122621,10.797434771469412,11.364629176297226
Verduras congeladas,18.478870639233048,18.84290472699901,22.34523159567827,20.14203164424196,11.604290697519527,20.036136614477996,11.419841845250106,16.35155659252477,18.55186508152462,17.694736382790012,109.76417244556521,16.95384118459934,19.050109921154426,10.537360554774258,11.62166158020763,13.987238737446498,20.490536335933584,22.072478052891167,14.301281267981418,18.71076858672272,22.445883038570447,26.07615473459498,25.020632294977407,21.231650701691454,22.372112472795738,12.431391800589662,26.038042410959267,18.65767379288568,16.810688781021998,18.772571428855727,20.522060683696026,14.066888143924944,14.365644506621999,14.623253072082749,11.010620363619962,21.335314531613378,19.286522085930862,21.92411971285196,17.759335048879095,14.015482678650715,14.554915433804938,14.118691031876946,16.460768304794822,17.949969264456307,18.70592065656621
Café,19.56539840801613,19.447752856357674,23.684722576479643,21.55066910319069,12.921641427603793,21.6746135544813,10.683318483083092,13.814751891962526,18.52831381864786,13.079522821937815,16.95384118459934,144.9440957991803,30.28352977653573,9.113151770362256,12.544358950430881,12.410227602616153,21.99896701506836,18.749681062745623,15.48773217591002,20.350124096398165,21.1096315870011,24.5622952485558,23.10479741751015,20.232857074576774,21.801355637738084,11.213721310347962,23.62697742049797,27.02867904556609,11.176148670705215,12.371729478069776,17.06661288408493,12.55544124745198,13.61224380779372,11.661563020799193,10.661129550793005,22.61821016725606,17.80374677139011,22.15128243150057,17.118991248287973,11.420028125185866,11.075724521410317,11.234656867581796,10.00593090289552,11.39231729528909,11.674062264623714
Té,23.768485764416646,22.9778874951393,29.379242981548067,25.261304709280942,13.694854811089952,26.178084478548797,10.856953720548368,15.470192230090936,21.407844071944385,15.498699759145484,19.050109921154426,30.28352977653573,107.77292638796305,9.402258750398156,13.959590159533697,12.264868539804333,27.16654634446791,21.88800156023871,16.328113834949793,25.15202652104019,27.35785778682384,32.52833126759533,28.75280889447197,24.953468632797755,27.315488018683766,11.05644039124862,29.706432190847558,32.36260746770116,11.861703314214791,14.048680684889822,20.767189899790143,13.394949664518828,14.206153694320436,11.426306868952825,11.006123157522877,27.685970470831858,19.994854838387283,28.60914569403664,19.338190633795442,10.703175772758119,10.918539637690326,11.844130365472589,10.096610133544484,11.2970263027109,11.702526072366775
Snacks chips,9.599507520936047,9.850729486016752,11.231879815763225,10.29060623607514,13.219732319069907,9.060143043191726,9.22211056679368,9.4801726373133,9.62294089385948,10.327584542530252,10.537360554774258,9.113151770362256,9.402258750398156,52.033264367816095,10.36746539563255,23.952989971020152,9.66993370199548,10.58430912603328,8.876581290011652,9.06328671151794,9.594377042727768,9.756534960238119,10.323709306558198,9.908493218455538,10.59936866751809,25.25761187810812,9.847197474721288,8.986600444787788,8.948456611750409,8.347535167093362,10.401743082492587,11.322720777543518,10.979969396409288,9.844897892929216,8.51132910571056,9.65286578075238,13.375097526807773,9.668287111296404,10.071183907653053,9.295377654704351,8.704852943307495,7.418161403366677,8.707042380657246,8.493411251027407,8.16454589348196
Galletas dulces,12.564868749287724,12.121263959726974,13.546321560650425,12.914746376529438,16.438953714635698,12.624680000858744,9.665328705627912,13.088013832864073,12.448227150101438,14.105465227190313,11.62166158020763,12.544358950430881,13.959590159533697,10.36746539563255,35.66224456033654,10.548527549936413,12.978442891473705,14.119699296951392,12.676994224191027,17.65427556919186,14.11187599283801,14.665718324963901,14.046982939732988,13.450831944927387,12.353222645508426,10.12251510290011,14.272941939448977,13.26257811958748,8.81810741687904,9.653792317288556,14.798978213789315,9.878930908686543,10.521018722525287,7.700244736037769,9.678256884558161,14.026647948379908,11.503642195419935,12.86574064899899,15.388661439343936,8.595475742570963,8.349923752438329,9.971144622102317,7.841289288683296,8.577517637136161,8.977250360493287
Galletas saladas,11.346935603943324,11.744779869433962,15.55707805922611,13.476087402017045,12.401018487717453,11.797252222367208,10.995609840331626,11.122215018920603,11.780796303514654,11.126440227264604,13.987238737446498,12.410227602616153,12.264868539804333,23.952989971020152,10.548527549936413,110.55226140470842,12.70203535719827,14.247658598923707,10.399096427986631,12.437771854923026,12.089019296126962,13.240549765197056,13.716234345376947,14.593645620385013,16.390948312296835,34.15572660633026,13.590447172684081,11.76222023580849,10.708933062900012,10.31774521156891,12.465723079468706,14.135622217404896,16.991480199611924,10.990928205811617,9.841911166033864,12.750049838517711,17.77351249297062,12.498537560443227,11.983769901012902,13.278004862492187,11.982218709231017,9.539262411284911,11.911093130560513,11.791277604313915,11.109864819913037
Harina,21.25598297246945,20.085061444996462,28.068209707957816,24.1506456524358,13.917610034477699,25.116487661150465,12.361735172771974,15.364463805285485,26.494436458659948,14.21396455193493,20.490536335933584,21.99896701506836,27.16654634446791,9.66993370199548,12.978442891473705,12.70203535719827,172.1121587711961,25.629910314729692,18.11345331749383,27.205083208836204,28.049056236731047,35.630070424375134,31.715460500452078,24.81361703327926,30.443849284560237,10.508738546946232,31.976627392753805,38.10303800087376,12.221521674714596,15.021214809855447,21.866375903734227,13.270065940570664,14.661586673399587,12.064326166138006,11.362308535857071,25.7078920696217,20.29258508320895,32.369522560284345,19.05689270365105,9.310664786507008,10.849208684048913,11.542583815974767,10.338999797657204,12.610249186846664,13.364447693710673
Frutas en conserva,20.54489238027439,18.593093154432005,23.983557489687428,21.548210338158103,15.377610341588115,21.690027466549395,10.62600704332744,16.383851543482123,18.51503250297085,19.13674528748379,22.072478052891167,18.749681062745623,21.88800156023871,10.58430912603328,14.119699296951392,14.247658598923707,25.629910314729692,181.4095535785846,16.40737076974952,23.839346262922625,25.835708292472066,26.35481835445957,27.009010049266426,26.147222683994233,24.263764741963247,12.263904135609973,30.894183372593535,22.86277632473078,13.088893885329805,14.183233439702633,21.396961566524435,13.622923027926323,14.923704069531276,12.111555073524789,10.388702468602233,23.384227265087592,20.536276734673574,23.59408023528875,19.77006313227798,11.69972265728566,12.8502889977665,13.22573591160741,12.259125369855152,13.670029972719954,14.232497650335226
Leche,14.585219636843787,14.964242866598909,16.659925501277947,15.758804450863476,11.509598045982127,15.600067580173477,10.540578412931325,14.79015036338004,15.80363039561176,14.470698625324767,14.301281267981418,15.48773217591002,16.328113834949793,8.876581290011652,12.676994224191027,10.399096427986631,18.11345331749383,16.40737076974952,32.26903611194275,16.86210906081992,17.205977108905007,18.095725847514288,17.470202388128836,16.160565898149216,15.551929513604355,9.532667685007633,17.333082254414965,16.439463733281787,10.50408586383127,11.549983436479142,16.233476143394267,10.717105820922473,12.180864201511033,8.951891212685437,10.536923563927246,15.848589887890869,13.073311642509394,16.352976019538985,19.14433123860002,10.028266542829881,10.344647239368884,11.574448592737506,9.803189954481653,10.894815873256741,11.25488219068199
Manjar y mermeladas,19.530515070974506,19.620815029891038,23.619511942079026,21.004501153575912,18.778677651226594,21.17262623451592,10.594838779215255,16.738460566440132,20.7562181596425,16.231505356145266,18.71076858672272,20.350124096398165,25.15202652104019,9.06328671151794,17.65427556919186,12.437771854923026,27.205083208836204,23.839346262922625,16.86210906081992,175.3794359212769,23.773359693889994,27.020995806502494,25.17934303184327,22.65084511241572,22.826001122460397,10.906164346551952,25.964068370601073,24.274514185763703,11.344799142309535,13.558287699461776,22.64790720665678,12.440730816756275,15.523601111853573,9.594549293403189,11.021980202378886,23.50725772615709,16.979120143062413,22.16500453984392,19.922259787591127,11.396291931853158,11.603945263668,13.39858347799229,10.12143094645586,11.231304015173798,12.295501365156335
Pasta,23.99071441300251,23.024144287880574,27.372181605622067,24.186043820427905,13.037543776299026,25.374941136371746,11.985811478208818,17.047409715331344,21.389708076673838,17.821163180267565,22.445883038570447,21.1096315870011,27.35785778682384,9.594377042727768,14.11187599283801,12.089019296126962,28.049056236731047,25.835708292472066,17.205977108905007,23.773359693889994,78.45026341328158,40.86714738768272,51.10105096617528,28.959000934086145,30.982070242688646,10.509617140292901,36.01044046151007,28.30280990026211,15.46415380848315,16.842375557997993,25.818739384447927,14.332369734923176,16.304455680355574,12.495198262057269,11.826237216238198,26.98865602094047,20.5731874405427,33.87946469603167,21.02251443943234,10.688301442996504,11.156864816291826,12.263233066859664,11.867187652586471,13.639836354793374,14.24827958240124
Arroz,27.07512707529729,25.676686372807158,31.82419806386768,28.446711358018216,14.007155211876533,29.68889569558429,11.754068673160686,18.085285465278282,24.27538581850483,17.710516069530886,26.07615473459498,24.5622952485558,32.52833126759533,9.756534960238119,14.665718324963901,13.240549765197056,35.630070424375134,26.35481835445957,18.095725847514288,27.020995806502494,40.86714738768272,103.66616286525604,41.09740919966394,32.19936795135209,33.94756906553519,11.471663302227135,39.30740295710422,36.2557097499425,15.240422711796038,18.808299058282827,27.69647971947664,15.467481618229137,15.676185441067428,14.79689081004139,11.818746384127257,32.02569996252248,23.787689087213558,38.62331425873841,22.793585599744528,10.940886523224346,12.067980593855708,12.632681650885573,12.301183649564846,14.223731538662932,15.165659410930369
Salsas ,25.894768185640906,24.1768483480907,30.174530031010647,25.488121977357203,13.299252944096873,26.95949615913147,14.128477106663814,17.73694866717779,23.016974011476982,17.95778686838859,25.020632294977407,23.10479741751015,28.75280889447197,10.323709306558198,14.046982939732988,13.716234345376947,31.715460500452078,27.009010049266426,17.470202388128836,25.17934303184327,51.10105096617528,41.09740919966394,120.2681721572795,30.352643260417977,34.72738234705144,10.831668797642235,38.901780197038825,29.70697335893046,17.374576465498162,16.811931489871082,27.941254258013238,15.643373990470598,18.49329668882116,13.144540323017823,13.421717100055108,29.08595246475979,22.85986690924068,34.808764642826986,21.868061658789514,10.74578892400017,11.262698993459804,12.563167842865678,12.88242520823154,14.421173514484206,14.080820595239974
Mariscos y pescados en conserva,22.03418546421455,20.935024315697998,24.684849437615195,22.63165079867207,12.139058029952636,23.32277965930901,11.438803446544311,17.350944577393218,19.68216144235632,16.375632748357102,21.231650701691454,20.232857074576774,24.953468632797755,9.908493218455538,13.450831944927387,14.593645620385013,24.81361703327926,26.147222683994233,16.160565898149216,22.65084511241572,28.959000934086145,32.19936795135209,30.352643260417977,84.98017645954572,24.873450000524176,12.362671119728509,29.429976900200572,24.448675614410238,13.051344092439,15.347832229249894,22.950432504778572,13.527323799110892,15.507287546824054,11.2184541685054,11.674420777795124,25.31476986516425,22.48042873866793,26.974829583563515,20.143320123422896,12.09795223437189,13.237808087548842,13.14215789484707,12.404853050312743,14.159801604078483,13.222249677945062
Especias,22.875345767208966,21.182138532398067,28.798903472205954,25.418959823127576,13.524943822228494,26.33825854607503,11.639497721493859,14.804379046110995,20.382135965965247,14.982297025441765,22.372112472795738,21.801355637738084,27.315488018683766,10.59936866751809,12.353222645508426,16.390948312296835,30.443849284560237,24.263764741963247,15.551929513604355,22.826001122460397,30.982070242688646,33.94756906553519,34.72738234705144,24.873450000524176,131.39713224195984,13.220534212934618,34.15337489928235,28.639757825935927,14.360005540514374,16.642657144469556,21.900998047743254,14.75892930734694,16.273444575215105,15.554949497200381,11.290564843356927,26.953968688452658,23.35870926575377,32.873670056080535,18.46108821366885,11.832643684322262,13.937594318350373,11.95516139692585,13.975540950627167,15.151042151805987,15.927362432843823
Semillas,9.897273496425251,11.111700134215319,14.611583065482332,12.20435572357166,12.852053480207289,10.950585233546443,9.901188903051402,10.459144198486632,10.574733030724651,10.274122441121346,12.431391800589662,11.213721310347962,11.05644039124862,25.25761187810812,10.12251510290011,34.15572660633026,10.508738546946232,12.263904135609973,9.532667685007633,10.906164346551952,10.509617140292901,11.471663302227135,10.831668797642235,12.362671119728509,13.220534212934618,127.72682128548051,11.092066059002256,10.535511735360409,9.715740341684524,9.349575992866773,11.12240028987267,11.74432558915999,13.306761493858035,10.051929047003462,9.163343097403944,11.533139137169972,13.868710403199186,11.139465765591275,11.077255173871537,10.720559538230075,10.437791118608493,9.426450203347883,9.808121957834242,9.817481963937288,9.548532640122687
Sopas,25.00122363953061,21.728108966402488,28.848867909129343,24.828963368572307,15.361572256405836,27.198675926788912,11.360894537958027,16.131544318987086,22.592573917281186,17.961939061439868,26.038042410959267,23.62697742049797,29.706432190847558,9.847197474721288,14.272941939448977,13.590447172684081,31.976627392753805,30.894183372593535,17.333082254414965,25.964068370601073,36.01044046151007,39.30740295710422,38.901780197038825,29.429976900200572,34.15337489928235,11.092066059002256,170.18398496240602,29.98842847036124,14.913136948027141,16.681621708766986,27.448289817014064,15.375041542368253,15.813902723900108,14.15622266771983,11.324428000415185,28.639259916669317,25.58546576094856,32.722830070722466,20.152371514366887,10.349088379963284,10.982350487574429,11.928710260368293,12.226793979375591,14.347453021697358,15.364221377166144
Sustitutos del azúcar,22.94045329117397,21.903389315544292,28.12965578793321,24.41261448390923,13.478512670386912,25.414399792424675,11.141612625416577,14.845101862042924,22.749140347563138,14.720726644541461,18.65767379288568,27.02867904556609,32.36260746770116,8.986600444787788,13.26257811958748,11.76222023580849,38.10303800087376,22.86277632473078,16.439463733281787,24.274514185763703,28.30280990026211,36.2557097499425,29.70697335893046,24.448675614410238,28.639757825935927,10.535511735360409,29.98842847036124,92.19743380855394,11.78884717308984,14.28439358345686,21.345163114671625,13.2198312266351,13.452259762252192,12.143294626184193,10.815217651190023,26.99141469374193,20.374033665036908,31.17900985656405,18.109816246673887,9.17131563904877,10.640899235534436,10.556958069681752,9.500714574357717,10.869802049892122,11.553791540423953
Carne de vacuno,11.42480173965437,12.6390020436862,13.735155515597794,13.458592071671847,8.752242047582426,12.38698442863276,9.568242317809927,10.852307598164847,12.102309395198793,11.026999642464194,16.810688781021998,11.176148670705215,11.861703314214791,8.948456611750409,8.81810741687904,10.708933062900012,12.221521674714596,13.088893885329805,10.50408586383127,11.344799142309535,15.46415380848315,15.240422711796038,17.374576465498162,13.051344092439,14.360005540514374,9.715740341684524,14.913136948027141,11.78884717308984,46.1588832694347,16.50022413559994,12.238932855830429,13.848338538152303,12.51130614888675,18.893094351647942,9.415248138167419,12.234376303973232,12.893237395233324,14.25871679599535,11.400469409006453,12.345195455013696,13.170908055475175,12.075747036986272,14.484035567525199,15.36617757435672,16.102800610450057
Carne de aves,13.031569622839658,13.726345351546161,15.74067144297957,14.284428869397766,8.872928125004746,13.77650667241915,11.14158053258731,12.21584334195475,13.716685095252902,12.066799855383262,18.772571428855727,12.371729478069776,14.048680684889822,8.347535167093362,9.653792317288556,10.31774521156891,15.021214809855447,14.183233439702633,11.549983436479142,13.558287699461776,16.842375557997993,18.808299058282827,16.811931489871082,15.347832229249894,16.642657144469556,9.349575992866773,16.681621708766986,14.28439358345686,16.50022413559994,55.02618271989109,14.871941275646241,12.959617526616697,12.774631075425784,21.56909016101389,11.519032235377034,13.91520063718202,14.148628780655114,16.15556430475821,12.616162701340357,10.971267925198408,12.444586332778414,11.604866671216021,13.22197562493216,15.076443555734015,15.82393063389143
Jugos en polvo,21.13602879869121,19.562611552735568,22.647633689187426,19.213126093756603,13.685154126294346,20.63064856198911,12.566876591588647,18.507883399722182,21.209186931404727,18.57897595575753,20.522060683696026,17.06661288408493,20.767189899790143,10.401743082492587,14.798978213789315,12.465723079468706,21.866375903734227,21.396961566524435,16.233476143394267,22.64790720665678,25.818739384447927,27.69647971947664,27.941254258013238,22.950432504778572,21.900998047743254,11.12240028987267,27.448289817014064,21.345163114671625,12.238932855830429,14.871941275646241,152.55422255172883,14.013261797214836,13.098144373599428,11.386574711240149,12.273874096022096,22.732939352117675,18.866738687244826,23.130945682623285,21.365830847927832,8.624389903287206,9.311957895543378,11.320044761464315,9.849619951878864,10.962485367918156,10.700856321036511
Cecinas envasadas,12.295376659048207,12.68729646029103,14.343324365508256,13.44143465874942,10.160254547851695,12.53239361740195,9.737482166658165,10.97513664989524,13.535417945665673,11.467617494339384,14.066888143924944,12.55544124745198,13.394949664518828,11.322720777543518,9.878930908686543,14.135622217404896,13.270065940570664,13.622923027926323,10.717105820922473,12.440730816756275,14.332369734923176,15.467481618229137,15.643373990470598,13.527323799110892,14.75892930734694,11.74432558915999,15.375041542368253,13.2198312266351,13.848338538152303,12.959617526616697,14.013261797214836,41.28569604552751,14.328083580167847,17.45625061806231,9.083930187197574,13.23348822612619,17.139542035252617,14.418686719474184,11.814260472331412,12.003189585121415,10.808685468723883,9.995739494411175,11.828337407561138,11.365711706790723,11.431217982512337
Quesos envasados,12.47202741667676,13.698597624136555,15.540774846033887,14.508609113042883,10.253608639102264,13.691512672082059,8.996129558258632,12.642050969176207,14.520931336104413,12.462297742874966,14.365644506621999,13.61224380779372,14.206153694320436,10.979969396409288,10.521018722525287,16.991480199611924,14.661586673399587,14.923704069531276,12.180864201511033,15.523601111853573,16.304455680355574,15.676185441067428,18.49329668882116,15.507287546824054,16.273444575215105,13.306761493858035,15.813902723900108,13.452259762252192,12.51130614888675,12.774631075425784,13.098144373599428,14.328083580167847,40.06951918991644,10.190951263738592,11.153812861934602,13.863715500308642,13.577464877182276,14.6115562075861,13.307195122894688,13.608925345706178,12.629048948796846,12.804611936327102,12.862963435100195,13.631212778828553,13.129130395378075
Carne de cerdo,10.755390827062595,11.020591432405766,13.129063086581688,12.832863490834196,7.9860667397768035,10.847047715676648,9.727974471825744,8.761819625726353,11.210400920796811,8.863576612286868,14.623253072082749,11.661563020799193,11.426306868952825,9.844897892929216,7.700244736037769,10.990928205811617,12.064326166138006,12.111555073524789,8.951891212685437,9.594549293403189,12.495198262057269,14.79689081004139,13.144540323017823,11.2184541685054,15.554949497200381,10.051929047003462,14.15622266771983,12.143294626184193,18.893094351647942,21.56909016101389,11.386574711240149,17.45625061806231,10.190951263738592,137.12874106385559,9.624202740703948,10.983800005044408,15.36110142886928,13.927630115475555,9.230044479360462,8.056786920143137,11.150144334837108,8.47174810355247,11.370022887185332,12.233047704278377,12.661127035073905
Cecinas,9.940748550086765,10.795594402615396,12.063241897520626,10.9497166482405,8.761789809423776,10.397266015801929,30.921746223507853,11.187474931682589,12.887686419438515,10.739710038909802,11.010620363619962,10.661129550793005,11.006123157522877,8.51132910571056,9.678256884558161,9.841911166033864,11.362308535857071,10.388702468602233,10.536923563927246,11.021980202378886,11.826237216238198,11.818746384127257,13.421717100055108,11.674420777795124,11.290564843356927,9.163343097403944,11.324428000415185,10.815217651190023,9.415248138167419,11.519032235377034,12.273874096022096,9.083930187197574,11.153812861934602,9.624202740703948,41.005960360882646,10.637903500091145,10.7410737462448,11.288344940438831,11.27583308183571,9.137354572211628,8.453725264186318,9.717640821066482,9.055362819928824,9.903003350756254,9.040376836655145
Jabon,47.06823794192693,28.81169632083228,31.77262150056657,30.731428871486003,14.329671884230239,33.08718001151135,10.5962732964739,16.2067011879143,20.37861265628118,16.931298733851982,21.335314531613378,22.61821016725606,27.685970470831858,9.65286578075238,14.026647948379908,12.750049838517711,25.7078920696217,23.384227265087592,15.848589887890869,23.50725772615709,26.98865602094047,32.02569996252248,29.08595246475979,25.31476986516425,26.953968688452658,11.533139137169972,28.639259916669317,26.99141469374193,12.234376303973232,13.91520063718202,22.732939352117675,13.23348822612619,13.863715500308642,10.983800005044408,10.637903500091145,159.17348804500705,19.74617237266516,27.719044158436905,20.475501162730712,10.48974576004622,10.820418964195072,11.929279862445282,9.793508866309676,11.410128090523862,11.934369522832673
Mayonesas y dressings,18.499788205657342,16.795827970175665,23.05676573757697,20.09002544960085,12.34597253084386,19.044211206289763,11.262382113647542,12.803453916685484,16.820025606036328,13.4693176814101,19.286522085930862,17.80374677139011,19.994854838387283,13.375097526807773,11.503642195419935,17.77351249297062,20.29258508320895,20.536276734673574,13.073311642509394,16.979120143062413,20.5731874405427,23.787689087213558,22.85986690924068,22.48042873866793,23.35870926575377,13.868710403199186,25.58546576094856,20.374033665036908,12.893237395233324,14.148628780655114,18.866738687244826,17.139542035252617,13.577464877182276,15.36110142886928,10.7410737462448,19.74617237266516,86.47692366470542,22.469876230621306,15.073525237286196,13.28036798143199,11.176782569697993,9.792361724124014,12.925082927494127,12.687137925765768,12.169770989094918
Aceites,23.806823194069015,23.24291576746638,29.193151484713784,26.5236908376424,12.845338673051733,26.707790271924015,11.654220582363422,15.942276020033557,22.63856711468541,15.710036538221841,21.92411971285196,22.15128243150057,28.60914569403664,9.668287111296404,12.86574064899899,12.498537560443227,32.369522560284345,23.59408023528875,16.352976019538985,22.16500453984392,33.87946469603167,38.62331425873841,34.808764642826986,26.974829583563515,32.873670056080535,11.139465765591275,32.722830070722466,31.17900985656405,14.25871679599535,16.15556430475821,23.130945682623285,14.418686719474184,14.6115562075861,13.927630115475555,11.288344940438831,27.719044158436905,22.469876230621306,80.01721638915403,18.55114899501736,10.576814057828829,12.207061626824824,11.709414333919842,11.808947061749086,13.413325496995116,14.248718305577345
Barras de cereal,19.376057182373735,17.815770584325566,19.749828066932928,19.079371785841047,14.233474278059914,19.047799155199,10.983411185811029,21.245449318304523,16.98255032795197,18.616317300432065,17.759335048879095,17.118991248287973,19.338190633795442,10.071183907653053,15.388661439343936,11.983769901012902,19.05689270365105,19.77006313227798,19.14433123860002,19.922259787591127,21.02251443943234,22.793585599744528,21.868061658789514,20.143320123422896,18.46108821366885,11.077255173871537,20.152371514366887,18.109816246673887,11.400469409006453,12.616162701340357,21.365830847927832,11.814260472331412,13.307195122894688,9.230044479360462,11.27583308183571,20.475501162730712,15.073525237286196,18.55114899501736,77.3748675349537,11.450994366872173,11.239023205952414,13.780985925887382,10.127336061031443,11.546309937140453,12.019094378576186
"Paltas, uvas y fruta seca",9.105444236467001,12.272012418113288,11.806595478422727,12.501926610404105,8.964038871053226,10.57427868463393,8.128027348365054,10.939289682735813,10.306161444404431,10.19649385606007,14.015482678650715,11.420028125185866,10.703175772758119,9.295377654704351,8.595475742570963,13.278004862492187,9.310664786507008,11.69972265728566,10.028266542829881,11.396291931853158,10.688301442996504,10.940886523224346,10.74578892400017,12.09795223437189,11.832643684322262,10.720559538230075,10.349088379963284,9.17131563904877,12.345195455013696,10.971267925198408,8.624389903287206,12.003189585121415,13.608925345706178,8.056786920143137,9.137354572211628,10.48974576004622,13.28036798143199,10.576814057828829,11.450994366872173,122.56711972708072,24.72908782666465,22.534592059103232,25.765063274288934,20.928123053067612,20.910224342968927
"Naranjas, limones y sandias",9.543086220258985,13.158271072822108,12.983368265550745,13.836506069690053,8.472056926149444,11.957848633195994,7.813808238111767,11.069347966146276,10.920954827738509,10.50026276220876,14.554915433804938,11.075724521410317,10.918539637690326,8.704852943307495,8.349923752438329,11.982218709231017,10.849208684048913,12.8502889977665,10.344647239368884,11.603945263668,11.156864816291826,12.067980593855708,11.262698993459804,13.237808087548842,13.937594318350373,10.437791118608493,10.982350487574429,10.640899235534436,13.170908055475175,12.444586332778414,9.311957895543378,10.808685468723883,12.629048948796846,11.150144334837108,8.453725264186318,10.820418964195072,11.176782569697993,12.207061626824824,11.239023205952414,24.72908782666465,102.64600244886853,26.58067356426954,24.78284093667079,25.697632665779537,27.338446561066032
"Manzanas, duraznos y peras",10.118856100744337,12.978109858814125,12.908327418371387,13.440602442997172,9.490821341115696,11.983042094883178,8.853385376663459,13.76874375008173,11.661670699372346,12.247335580668544,14.118691031876946,11.234656867581796,11.844130365472589,7.418161403366677,9.971144622102317,9.539262411284911,11.542583815974767,13.22573591160741,11.574448592737506,13.39858347799229,12.263233066859664,12.632681650885573,12.563167842865678,13.14215789484707,11.95516139692585,9.426450203347883,11.928710260368293,10.556958069681752,12.075747036986272,11.604866671216021,11.320044761464315,9.995739494411175,12.804611936327102,8.47174810355247,9.717640821066482,11.929279862445282,9.792361724124014,11.709414333919842,13.780985925887382,22.534592059103232,26.58067356426954,69.95231325524615,20.076433312763058,20.51327138428884,22.981953474375945
Tomates y cebollas,8.941878600933595,11.906312324938432,12.408988520140898,12.681344805107964,7.844770416179247,10.88517124742767,8.99660492403588,10.399802984068373,10.30503146070465,9.68831450122621,16.460768304794822,10.00593090289552,10.096610133544484,8.707042380657246,7.841289288683296,11.911093130560513,10.338999797657204,12.259125369855152,9.803189954481653,10.12143094645586,11.867187652586471,12.301183649564846,12.88242520823154,12.404853050312743,13.975540950627167,9.808121957834242,12.226793979375591,9.500714574357717,14.484035567525199,13.22197562493216,9.849619951878864,11.828337407561138,12.862963435100195,11.370022887185332,9.055362819928824,9.793508866309676,12.925082927494127,11.808947061749086,10.127336061031443,25.765063274288934,24.78284093667079,20.076433312763058,56.81913344713325,26.659505412273802,29.211462236796347
Lechugas y champiñones,10.193184030415543,12.782890505237177,13.768028843380295,13.980325795703928,8.401472064685214,12.382017589810445,9.716147588532774,11.513685899531307,11.869776086706574,10.797434771469412,17.949969264456307,11.39231729528909,11.2970263027109,8.493411251027407,8.577517637136161,11.791277604313915,12.610249186846664,13.670029972719954,10.894815873256741,11.231304015173798,13.639836354793374,14.223731538662932,14.421173514484206,14.159801604078483,15.151042151805987,9.817481963937288,14.347453021697358,10.869802049892122,15.36617757435672,15.076443555734015,10.962485367918156,11.365711706790723,13.631212778828553,12.233047704278377,9.903003350756254,11.410128090523862,12.687137925765768,13.413325496995116,11.546309937140453,20.928123053067612,25.697632665779537,20.51327138428884,26.659505412273802,56.91056522176405,29.952271119461106
Papas y zapallos,10.878352650941377,13.996847109011936,14.116877469972458,14.630628147522174,8.687845389465746,13.239925045963314,8.56728683560177,11.62437540093828,12.504172024795446,11.364629176297226,18.70592065656621,11.674062264623714,11.702526072366775,8.16454589348196,8.977250360493287,11.109864819913037,13.364447693710673,14.232497650335226,11.25488219068199,12.295501365156335,14.24827958240124,15.165659410930369,14.080820595239974,13.222249677945062,15.927362432843823,9.548532640122687,15.364221377166144,11.553791540423953,16.102800610450057,15.82393063389143,10.700856321036511,11.431217982512337,13.129130395378075,12.661127035073905,9.040376836655145,11.934369522832673,12.169770989094918,14.248718305577345,12.019094378576186,20.910224342968927,27.338446561066032,22.981953474375945,29.211462236796347,29.952271119461106,82.8646165110745
